Date,Open,High,Low,Close,Adj Close,Volume
02/01/1990,1.05,1.06,1.05,1.06,0.92,1587853
03/01/1990,1.06,1.07,1.04,1.04,0.9,2120934
04/01/1990,1.04,1.06,1.04,1.05,0.91,1936406
05/01/1990,1.05,1.05,1.04,1.04,0.9,3701953
08/01/1990,1.04,1.06,1.04,1.05,0.91,3476419
09/01/1990,1.05,1.06,1.01,1.01,0.87,5128059
10/01/1990,1.01,1.01,0.96,0.98,0.84,4836459
11/01/1990,0.98,0.98,0.92,0.93,0.81,6895884
12/01/1990,0.92,0.92,0.91,0.92,0.8,9761766
15/01/1990,0.92,0.94,0.91,0.94,0.81,3608550
16/01/1990,0.92,0.99,0.92,0.98,0.84,13882894
17/01/1990,0.97,0.98,0.94,0.95,0.82,3583491
18/01/1990,0.94,0.95,0.93,0.95,0.82,1478503
19/01/1990,0.94,0.95,0.94,0.95,0.82,3118753
22/01/1990,0.95,0.95,0.93,0.93,0.81,2433038
23/01/1990,0.94,0.94,0.92,0.92,0.79,1874897
24/01/1990,0.9,0.91,0.88,0.91,0.78,7248994
25/01/1990,0.91,0.92,0.9,0.9,0.78,2699578
26/01/1990,0.91,0.91,0.89,0.9,0.78,1278028
29/01/1990,0.91,0.91,0.9,0.9,0.78,952256
30/01/1990,0.9,0.91,0.89,0.89,0.77,1155009
31/01/1990,0.9,0.9,0.88,0.9,0.78,1624303
01/02/1990,0.9,0.92,0.89,0.92,0.8,1348650
02/02/1990,0.92,0.97,0.91,0.97,0.84,1779216
05/02/1990,0.96,0.99,0.96,0.99,0.86,1555959
06/02/1990,0.99,0.99,0.97,0.98,0.84,897581
07/02/1990,0.97,0.98,0.93,0.95,0.82,1230188
08/02/1990,0.95,0.95,0.91,0.92,0.79,2394309
09/02/1990,0.92,0.93,0.92,0.93,0.8,826959
12/02/1990,0.92,0.93,0.92,0.92,0.79,555863
13/02/1990,0.92,0.93,0.92,0.93,0.8,2207503
14/02/1990,0.93,0.94,0.93,0.94,0.81,972759
15/02/1990,0.95,0.95,0.93,0.94,0.82,1414716
16/02/1990,0.94,0.95,0.94,0.95,0.82,1232466
20/02/1990,0.94,0.94,0.93,0.93,0.8,4132519
21/02/1990,0.93,0.95,0.92,0.94,0.82,1745044
22/02/1990,0.94,0.95,0.93,0.93,0.81,1569628
23/02/1990,0.93,0.94,0.93,0.93,0.81,608259
26/02/1990,0.94,0.95,0.94,0.95,0.82,1995638
27/02/1990,0.96,0.98,0.96,0.97,0.83,2603897
28/02/1990,0.96,1.0,0.96,0.98,0.84,1546847
01/03/1990,0.98,1.02,0.98,1.0,0.87,8661431
02/03/1990,1.02,1.04,1.0,1.04,0.9,4137075
05/03/1990,1.03,1.05,1.03,1.05,0.91,2795259
06/03/1990,1.05,1.05,1.04,1.04,0.9,1098056
07/03/1990,1.04,1.04,1.02,1.03,0.89,3198488
08/03/1990,1.02,1.02,1.0,1.02,0.88,633319
09/03/1990,1.0,1.02,1.0,1.01,0.87,952256
12/03/1990,1.0,1.03,1.0,1.03,0.89,2180166
13/03/1990,1.03,1.06,1.03,1.05,0.91,2050313
14/03/1990,1.05,1.05,1.03,1.04,0.9,1884009
15/03/1990,1.04,1.05,1.04,1.04,0.9,1000097
16/03/1990,1.04,1.05,1.04,1.04,0.9,1521788
19/03/1990,1.04,1.05,1.04,1.05,0.91,2843100
20/03/1990,1.04,1.06,1.04,1.05,0.91,9866559
21/03/1990,1.05,1.05,1.04,1.04,0.9,1027434
22/03/1990,1.05,1.05,1.03,1.04,0.9,674325
23/03/1990,1.04,1.04,1.03,1.04,0.9,1075275
26/03/1990,1.04,1.04,1.02,1.02,0.88,236925
27/03/1990,1.03,1.04,1.02,1.04,0.9,1628859
28/03/1990,1.04,1.05,1.03,1.04,0.9,631041
29/03/1990,1.04,1.05,1.03,1.04,0.9,1184625
30/03/1990,1.04,1.04,1.04,1.04,0.9,765450
02/04/1990,1.04,1.04,1.03,1.04,0.9,323494
03/04/1990,1.04,1.05,1.04,1.05,0.91,2708691
04/04/1990,1.05,1.05,1.04,1.04,0.9,380447
05/04/1990,1.04,1.05,1.04,1.04,0.9,6597450
06/04/1990,1.04,1.04,1.03,1.03,0.89,4303378
09/04/1990,1.03,1.04,1.03,1.04,0.9,512578
10/04/1990,1.04,1.07,1.04,1.06,0.92,4064175
11/04/1990,1.06,1.1,1.06,1.1,0.95,4091513
12/04/1990,1.1,1.11,1.1,1.1,0.95,3480975
16/04/1990,1.1,1.11,1.08,1.08,0.94,1234744
17/04/1990,1.08,1.09,1.07,1.08,0.93,2052591
18/04/1990,1.08,1.08,1.05,1.06,0.92,1006931
19/04/1990,1.06,1.06,1.05,1.06,0.92,888469
20/04/1990,1.05,1.06,1.04,1.05,0.91,544472
23/04/1990,1.04,1.05,1.03,1.03,0.89,1405603
24/04/1990,1.03,1.04,1.03,1.03,0.89,3524259
25/04/1990,1.04,1.05,1.03,1.05,0.91,2745141
26/04/1990,1.06,1.08,1.06,1.06,0.92,858853
27/04/1990,1.06,1.07,1.05,1.05,0.91,2198391
30/04/1990,1.05,1.05,1.04,1.05,0.91,1540013
01/05/1990,1.05,1.08,1.05,1.07,0.93,3262275
02/05/1990,1.07,1.09,1.07,1.09,0.95,808734
03/05/1990,1.1,1.13,1.1,1.11,0.96,5046047
04/05/1990,1.12,1.12,1.11,1.12,0.97,3451359
07/05/1990,1.12,1.14,1.12,1.14,0.98,2667684
08/05/1990,1.13,1.19,1.12,1.17,1.01,6510881
09/05/1990,1.16,1.17,1.14,1.14,0.99,9187678
10/05/1990,1.15,1.15,1.12,1.13,0.98,3884203
11/05/1990,1.13,1.15,1.12,1.14,0.98,2503659
14/05/1990,1.14,1.15,1.14,1.14,0.98,1934128
15/05/1990,1.13,1.14,1.12,1.12,0.97,1104891
16/05/1990,1.12,1.12,1.11,1.12,0.97,1831613
17/05/1990,1.12,1.14,1.11,1.12,0.97,1663031
18/05/1990,1.12,1.12,1.11,1.12,0.97,1642528
21/05/1990,1.11,1.14,1.11,1.13,0.98,2489991
22/05/1990,1.14,1.14,1.13,1.14,0.99,5071106
23/05/1990,1.14,1.14,1.13,1.14,0.98,2189278
24/05/1990,1.14,1.15,1.13,1.14,0.98,2200669
25/05/1990,1.14,1.14,1.12,1.13,0.98,608259
29/05/1990,1.13,1.14,1.13,1.14,0.99,2378363
30/05/1990,1.14,1.14,1.14,1.14,0.98,551306
31/05/1990,1.14,1.14,1.13,1.13,0.98,697106
01/06/1990,1.14,1.15,1.14,1.14,0.99,1649363
04/06/1990,1.14,1.15,1.14,1.15,0.99,5125781
05/06/1990,1.14,1.17,1.14,1.16,1.01,7873200
06/06/1990,1.16,1.16,1.15,1.15,0.99,2426203
07/06/1990,1.16,1.17,1.15,1.15,0.99,6317241
08/06/1990,1.15,1.15,1.13,1.13,0.98,3296447
11/06/1990,1.13,1.14,1.13,1.14,0.98,328050
12/06/1990,1.14,1.14,1.12,1.13,0.98,1439775
13/06/1990,1.13,1.14,1.12,1.14,0.98,1685813
14/06/1990,1.13,1.13,1.1,1.1,0.96,4806844
15/06/1990,1.1,1.1,1.09,1.1,0.95,2373806
18/06/1990,1.1,1.1,1.08,1.08,0.94,3187097
19/06/1990,1.08,1.09,1.08,1.09,0.95,2544666
20/06/1990,1.11,1.13,1.11,1.11,0.97,7002956
21/06/1990,1.11,1.12,1.11,1.11,0.97,3301003
22/06/1990,1.11,1.12,1.1,1.11,0.96,1715428
25/06/1990,1.1,1.11,1.08,1.08,0.94,2936503
26/06/1990,1.09,1.1,1.08,1.1,0.95,1583297
27/06/1990,1.09,1.1,1.09,1.1,0.95,3287334
28/06/1990,1.1,1.12,1.1,1.11,0.97,4214531
29/06/1990,1.11,1.13,1.11,1.13,0.98,3975328
02/07/1990,1.13,1.18,1.13,1.17,1.02,5973244
03/07/1990,1.17,1.18,1.16,1.16,1.01,931753
05/07/1990,1.16,1.16,1.16,1.16,1.0,1678978
06/07/1990,1.16,1.18,1.16,1.16,1.01,1284863
09/07/1990,1.16,1.17,1.16,1.17,1.02,1567350
10/07/1990,1.17,1.19,1.17,1.19,1.03,2032088
11/07/1990,1.18,1.19,1.16,1.16,1.01,1043381
12/07/1990,1.17,1.21,1.17,1.19,1.03,4973147
13/07/1990,1.19,1.23,1.18,1.21,1.05,6574669
16/07/1990,1.2,1.21,1.19,1.19,1.03,897581
17/07/1990,1.19,1.21,1.18,1.18,1.02,1307644
18/07/1990,1.17,1.19,1.17,1.19,1.03,1412438
19/07/1990,1.2,1.22,1.19,1.22,1.06,2836266
20/07/1990,1.22,1.25,1.22,1.22,1.06,3736125
23/07/1990,1.23,1.23,1.19,1.2,1.04,2421647
24/07/1990,1.19,1.23,1.17,1.17,1.02,9016819
25/07/1990,1.19,1.25,1.19,1.25,1.08,6463041
26/07/1990,1.25,1.25,1.22,1.23,1.07,3594881
27/07/1990,1.22,1.23,1.22,1.23,1.07,3059522
30/07/1990,1.22,1.25,1.22,1.25,1.08,2182444
31/07/1990,1.25,1.25,1.22,1.23,1.07,1717706
01/08/1990,1.22,1.23,1.22,1.23,1.07,3212156
02/08/1990,1.22,1.22,1.2,1.21,1.05,6328631
03/08/1990,1.2,1.2,1.11,1.13,0.98,2786147
06/08/1990,1.06,1.07,0.99,0.99,0.86,6811594
07/08/1990,1.02,1.03,0.99,1.0,0.87,5282972
08/08/1990,1.01,1.06,1.01,1.05,0.91,4483350
09/08/1990,1.05,1.06,1.03,1.04,0.9,8779894
10/08/1990,1.04,1.04,1.0,1.02,0.88,1473947
13/08/1990,1.0,1.04,1.0,1.04,0.9,2583394
14/08/1990,1.03,1.05,1.03,1.03,0.89,5405991
15/08/1990,1.04,1.08,1.04,1.05,0.91,2831709
16/08/1990,1.05,1.07,1.05,1.05,0.91,8793563
17/08/1990,1.04,1.06,1.04,1.05,0.91,7449469
20/08/1990,1.05,1.06,1.05,1.06,0.92,1633416
21/08/1990,1.05,1.05,1.03,1.04,0.9,3968494
22/08/1990,1.04,1.05,1.03,1.03,0.89,1665309
23/08/1990,0.99,1.03,0.99,1.01,0.88,3606272
24/08/1990,1.04,1.04,1.0,1.03,0.89,3066356
27/08/1990,1.05,1.08,1.04,1.05,0.91,1879453
28/08/1990,1.03,1.05,1.03,1.05,0.91,1300809
29/08/1990,1.05,1.08,1.05,1.08,0.93,1526344
30/08/1990,1.09,1.11,1.07,1.09,0.95,1644806
31/08/1990,1.1,1.1,1.09,1.09,0.95,807975
04/09/1990,1.09,1.1,1.08,1.08,0.93,2293313
05/09/1990,1.09,1.09,1.08,1.08,0.93,218700
06/09/1990,1.07,1.07,1.06,1.07,0.93,315900
07/09/1990,1.05,1.07,1.05,1.07,0.93,750263
10/09/1990,1.09,1.09,1.07,1.07,0.93,751781
11/09/1990,1.05,1.07,1.05,1.07,0.93,1430663
12/09/1990,1.07,1.1,1.07,1.1,0.96,1606838
13/09/1990,1.1,1.13,1.1,1.12,0.97,864169
14/09/1990,1.12,1.12,1.1,1.12,0.97,1954631
17/09/1990,1.1,1.1,1.08,1.09,0.94,1735931
18/09/1990,1.09,1.09,1.04,1.05,0.91,584719
19/09/1990,1.05,1.05,1.03,1.05,0.91,1313719
20/09/1990,1.05,1.05,0.96,0.96,0.84,1324350
21/09/1990,0.98,0.98,0.96,0.98,0.85,1757194
24/09/1990,0.99,0.99,0.92,0.92,0.8,7018144
25/09/1990,0.91,0.93,0.91,0.91,0.79,6580744
26/09/1990,0.92,0.92,0.87,0.89,0.77,4562325
27/09/1990,0.88,0.91,0.84,0.87,0.76,3660188
28/09/1990,0.86,0.91,0.85,0.91,0.79,1880213
01/10/1990,0.91,0.94,0.9,0.93,0.81,3676894
02/10/1990,0.95,0.99,0.95,0.98,0.85,4679269
03/10/1990,0.97,0.99,0.95,0.95,0.83,517894
04/10/1990,0.94,0.94,0.91,0.94,0.81,1974375
05/10/1990,0.92,0.96,0.92,0.94,0.81,548269
08/10/1990,0.95,0.95,0.94,0.95,0.83,581681
09/10/1990,0.95,0.96,0.94,0.94,0.81,894544
10/10/1990,0.93,0.95,0.92,0.95,0.82,563456
11/10/1990,0.95,0.95,0.91,0.91,0.79,938588
12/10/1990,0.91,0.92,0.87,0.92,0.8,1600763
15/10/1990,0.93,0.96,0.92,0.95,0.83,3266831
16/10/1990,0.95,0.97,0.95,0.96,0.84,426769
17/10/1990,0.95,0.99,0.95,0.97,0.84,2363175
18/10/1990,0.99,1.06,0.99,1.05,0.91,5139450
19/10/1990,1.09,1.09,1.08,1.09,0.95,1789088
22/10/1990,1.08,1.19,1.08,1.16,1.01,3755869
23/10/1990,1.16,1.17,1.12,1.17,1.01,2982825
24/10/1990,1.15,1.15,1.13,1.14,0.99,1476225
25/10/1990,1.14,1.14,1.13,1.14,0.99,862650
26/10/1990,1.13,1.13,1.11,1.12,0.97,1406363
29/10/1990,1.11,1.13,1.11,1.11,0.96,619650
30/10/1990,1.09,1.11,1.09,1.11,0.96,4332994
31/10/1990,1.11,1.11,1.09,1.1,0.96,987188
01/11/1990,1.1,1.1,1.09,1.09,0.95,1776938
02/11/1990,1.09,1.1,1.09,1.1,0.96,3017756
05/11/1990,1.09,1.11,1.09,1.11,0.96,1587094
06/11/1990,1.11,1.12,1.09,1.1,0.96,1969819
07/11/1990,1.11,1.11,1.09,1.09,0.94,896063
08/11/1990,1.07,1.09,1.05,1.05,0.91,1181588
09/11/1990,1.05,1.09,1.05,1.09,0.95,537638
12/11/1990,1.09,1.15,1.09,1.14,0.99,1676700
13/11/1990,1.14,1.15,1.12,1.15,1.0,2299388
14/11/1990,1.14,1.15,1.14,1.14,0.99,1599244
15/11/1990,1.12,1.12,1.09,1.1,0.96,1234744
16/11/1990,1.1,1.11,1.09,1.1,0.96,729000
19/11/1990,1.1,1.14,1.09,1.14,0.99,1313719
20/11/1990,1.15,1.17,1.14,1.15,1.0,1947038
21/11/1990,1.14,1.17,1.12,1.13,0.98,3064838
23/11/1990,1.13,1.14,1.12,1.12,0.97,414619
26/11/1990,1.12,1.14,1.1,1.1,0.96,2097394
27/11/1990,1.11,1.13,1.11,1.12,0.97,864169
28/11/1990,1.12,1.14,1.12,1.12,0.97,663694
29/11/1990,1.11,1.14,1.11,1.12,0.97,798863
30/11/1990,1.12,1.15,1.12,1.15,1.0,1215000
03/12/1990,1.19,1.25,1.18,1.24,1.08,4524356
04/12/1990,1.24,1.28,1.22,1.26,1.1,2686669
05/12/1990,1.25,1.25,1.2,1.23,1.07,4319325
06/12/1990,1.32,1.32,1.28,1.29,1.12,4828106
07/12/1990,1.28,1.28,1.24,1.28,1.11,1122356
10/12/1990,1.26,1.27,1.22,1.23,1.07,1547606
11/12/1990,1.23,1.25,1.23,1.24,1.08,542194
12/12/1990,1.23,1.28,1.23,1.28,1.11,768488
13/12/1990,1.27,1.28,1.22,1.22,1.06,2086763
14/12/1990,1.23,1.23,1.17,1.2,1.04,1694925
17/12/1990,1.2,1.2,1.19,1.2,1.04,920363
18/12/1990,1.19,1.23,1.19,1.22,1.06,716850
19/12/1990,1.23,1.23,1.19,1.19,1.04,297675
20/12/1990,1.18,1.19,1.16,1.19,1.04,405506
21/12/1990,1.19,1.2,1.18,1.18,1.02,1375988
24/12/1990,1.15,1.15,1.13,1.15,1.0,335644
26/12/1990,1.15,1.19,1.15,1.18,1.02,121500
27/12/1990,1.17,1.17,1.14,1.15,1.0,1190700
28/12/1990,1.16,1.16,1.13,1.14,0.99,390319
31/12/1990,1.14,1.15,1.12,1.15,1.0,340200
02/01/1991,1.14,1.14,1.13,1.13,0.98,243000
03/01/1991,1.13,1.15,1.13,1.14,0.99,1172475
04/01/1991,1.13,1.14,1.09,1.1,0.96,938588
07/01/1991,1.09,1.09,1.08,1.09,0.94,724444
08/01/1991,1.09,1.15,1.09,1.15,1.0,1139063
09/01/1991,1.15,1.2,1.15,1.16,1.01,2177888
10/01/1991,1.16,1.19,1.16,1.16,1.01,489038
11/01/1991,1.17,1.19,1.17,1.19,1.03,1132988
14/01/1991,1.16,1.19,1.15,1.19,1.04,988706
15/01/1991,1.2,1.23,1.17,1.17,1.02,2332800
16/01/1991,1.15,1.23,1.14,1.23,1.07,1682775
17/01/1991,1.38,1.38,1.29,1.35,1.17,16024331
18/01/1991,1.33,1.39,1.31,1.37,1.19,7252031
21/01/1991,1.36,1.45,1.34,1.42,1.23,4560806
22/01/1991,1.4,1.4,1.33,1.35,1.17,4065694
23/01/1991,1.34,1.38,1.32,1.38,1.2,5352075
24/01/1991,1.38,1.5,1.38,1.49,1.3,4987575
25/01/1991,1.48,1.48,1.41,1.41,1.22,3247088
28/01/1991,1.42,1.46,1.41,1.44,1.25,3617663
29/01/1991,1.45,1.47,1.43,1.44,1.25,3105844
30/01/1991,1.47,1.54,1.47,1.51,1.31,5961094
31/01/1991,1.51,1.58,1.51,1.56,1.35,3883444
01/02/1991,1.53,1.54,1.49,1.5,1.3,1656956
04/02/1991,1.53,1.58,1.51,1.56,1.36,3695119
05/02/1991,1.58,1.62,1.51,1.6,1.4,6091706
06/02/1991,1.6,1.71,1.57,1.7,1.48,5675569
07/02/1991,1.71,1.74,1.66,1.66,1.45,5988431
08/02/1991,1.65,1.66,1.62,1.63,1.42,2926631
11/02/1991,1.63,1.71,1.62,1.71,1.49,1921219
12/02/1991,1.68,1.7,1.66,1.66,1.45,1617469
13/02/1991,1.65,1.69,1.62,1.69,1.47,3713344
14/02/1991,1.7,1.7,1.61,1.62,1.41,3793838
15/02/1991,1.65,1.73,1.65,1.71,1.49,6908794
19/02/1991,1.72,1.72,1.68,1.7,1.47,1655438
20/02/1991,1.71,1.71,1.68,1.68,1.46,5224500
21/02/1991,1.68,1.7,1.66,1.68,1.46,3391369
22/02/1991,1.67,1.73,1.67,1.7,1.48,2153588
25/02/1991,1.71,1.74,1.71,1.74,1.52,5740875
26/02/1991,1.73,1.74,1.71,1.72,1.5,1265119
27/02/1991,1.72,1.75,1.71,1.72,1.5,4220606
28/02/1991,1.78,1.78,1.74,1.75,1.52,5306513
01/03/1991,1.74,1.81,1.74,1.78,1.55,4764319
04/03/1991,1.78,1.84,1.78,1.82,1.58,1629619
05/03/1991,1.81,1.87,1.81,1.86,1.62,2598581
06/03/1991,1.86,1.87,1.82,1.83,1.59,3067875
07/03/1991,1.8,1.81,1.77,1.78,1.55,2553019
08/03/1991,1.79,1.81,1.75,1.75,1.53,2782350
11/03/1991,1.74,1.74,1.71,1.74,1.51,527006
12/03/1991,1.72,1.73,1.7,1.71,1.49,2355581
13/03/1991,1.7,1.73,1.67,1.73,1.5,2387475
14/03/1991,1.73,1.76,1.73,1.74,1.52,1126913
15/03/1991,1.76,1.76,1.69,1.69,1.47,3418706
18/03/1991,1.68,1.71,1.66,1.71,1.49,1292456
19/03/1991,1.7,1.7,1.68,1.68,1.46,648506
20/03/1991,1.67,1.7,1.67,1.69,1.47,2704894
21/03/1991,1.69,1.7,1.66,1.68,1.46,2619844
22/03/1991,1.68,1.69,1.66,1.67,1.45,454106
25/03/1991,1.67,1.69,1.67,1.68,1.46,1857431
26/03/1991,1.68,1.79,1.68,1.79,1.55,4039875
27/03/1991,1.79,1.83,1.79,1.82,1.58,1470150
28/03/1991,1.84,1.87,1.83,1.84,1.6,3078506
01/04/1991,1.85,1.85,1.81,1.85,1.61,2832469
02/04/1991,1.85,1.93,1.85,1.91,1.66,3531094
03/04/1991,1.93,1.93,1.9,1.93,1.68,4383113
04/04/1991,1.93,1.96,1.89,1.9,1.65,1546088
05/04/1991,1.89,1.89,1.87,1.88,1.63,2063981
08/04/1991,1.88,1.88,1.82,1.82,1.58,1164881
09/04/1991,1.81,1.82,1.79,1.79,1.56,1202850
10/04/1991,1.79,1.79,1.73,1.74,1.52,1240819
11/04/1991,1.74,1.81,1.74,1.81,1.58,1505081
12/04/1991,1.83,1.83,1.78,1.79,1.55,1091981
15/04/1991,1.79,1.79,1.76,1.78,1.55,554344
16/04/1991,1.76,1.78,1.74,1.78,1.55,4712681
17/04/1991,1.76,1.81,1.74,1.81,1.58,6551888
18/04/1991,1.79,1.79,1.77,1.78,1.55,1916663
19/04/1991,1.79,1.79,1.74,1.74,1.51,763931
22/04/1991,1.74,1.74,1.67,1.67,1.45,2091319
23/04/1991,1.63,1.64,1.53,1.58,1.38,12271500
24/04/1991,1.59,1.59,1.55,1.57,1.37,6172200
25/04/1991,1.58,1.67,1.58,1.65,1.43,6928538
26/04/1991,1.61,1.63,1.6,1.62,1.41,3453638
29/04/1991,1.62,1.62,1.53,1.55,1.35,4606369
30/04/1991,1.55,1.57,1.51,1.55,1.35,3107363
01/05/1991,1.57,1.66,1.54,1.59,1.38,5800106
02/05/1991,1.65,1.65,1.6,1.6,1.39,6128156
03/05/1991,1.61,1.7,1.6,1.7,1.48,2613769
06/05/1991,1.68,1.73,1.68,1.7,1.48,4001906
07/05/1991,1.71,1.71,1.66,1.68,1.46,1117800
08/05/1991,1.66,1.66,1.65,1.65,1.43,1287900
09/05/1991,1.66,1.68,1.65,1.66,1.45,5148563
10/05/1991,1.67,1.67,1.64,1.64,1.43,2174850
13/05/1991,1.65,1.66,1.58,1.6,1.39,3187856
14/05/1991,1.6,1.6,1.56,1.57,1.37,2439113
15/05/1991,1.57,1.57,1.51,1.52,1.33,2830950
16/05/1991,1.53,1.59,1.53,1.59,1.38,3948750
17/05/1991,1.58,1.58,1.56,1.56,1.36,1309163
20/05/1991,1.57,1.58,1.52,1.53,1.33,425250
21/05/1991,1.53,1.53,1.44,1.44,1.25,3067875
22/05/1991,1.48,1.55,1.47,1.51,1.32,3272906
23/05/1991,1.51,1.53,1.5,1.52,1.33,2071575
24/05/1991,1.53,1.54,1.5,1.51,1.32,1087425
28/05/1991,1.53,1.56,1.53,1.56,1.36,1131469
29/05/1991,1.57,1.62,1.57,1.62,1.41,2502900
30/05/1991,1.61,1.65,1.6,1.65,1.43,3392888
31/05/1991,1.66,1.69,1.65,1.69,1.47,3385294
03/06/1991,1.68,1.7,1.67,1.7,1.48,3447563
04/06/1991,1.7,1.71,1.67,1.7,1.48,1931850
05/06/1991,1.71,1.73,1.7,1.71,1.49,2521125
06/06/1991,1.72,1.8,1.71,1.78,1.55,3880406
07/06/1991,1.77,1.78,1.75,1.76,1.53,4035319
10/06/1991,1.77,1.77,1.74,1.74,1.52,681919
11/06/1991,1.76,1.77,1.76,1.77,1.54,2262938
12/06/1991,1.76,1.76,1.7,1.7,1.48,2323688
13/06/1991,1.7,1.74,1.68,1.74,1.51,765450
14/06/1991,1.76,1.77,1.74,1.74,1.52,4061138
17/06/1991,1.75,1.75,1.74,1.74,1.52,1883250
18/06/1991,1.74,1.74,1.72,1.73,1.51,2215856
19/06/1991,1.73,1.73,1.67,1.7,1.48,3508313
20/06/1991,1.68,1.7,1.65,1.67,1.46,1772381
21/06/1991,1.68,1.68,1.65,1.65,1.44,2508975
24/06/1991,1.6,1.63,1.57,1.6,1.39,3382256
25/06/1991,1.61,1.62,1.58,1.59,1.38,1400288
26/06/1991,1.59,1.63,1.59,1.63,1.42,1245375
27/06/1991,1.65,1.67,1.63,1.66,1.45,3014719
28/06/1991,1.68,1.72,1.68,1.71,1.49,4254019
01/07/1991,1.72,1.77,1.72,1.74,1.52,1591650
02/07/1991,1.74,1.75,1.66,1.7,1.48,3383775
03/07/1991,1.7,1.74,1.69,1.74,1.52,798863
05/07/1991,1.74,1.75,1.72,1.73,1.51,722925
08/07/1991,1.72,1.78,1.7,1.77,1.54,2556056
09/07/1991,1.77,1.78,1.77,1.78,1.55,3796875
10/07/1991,1.78,1.78,1.74,1.74,1.51,2586431
11/07/1991,1.74,1.74,1.73,1.74,1.51,861131
12/07/1991,1.73,1.78,1.73,1.76,1.53,1512675
15/07/1991,1.79,1.79,1.78,1.79,1.56,1837688
16/07/1991,1.79,1.8,1.77,1.78,1.55,1239300
17/07/1991,1.78,1.78,1.75,1.76,1.53,566494
18/07/1991,1.75,1.77,1.74,1.74,1.52,1523306
19/07/1991,1.76,1.76,1.74,1.74,1.52,634838
22/07/1991,1.74,1.74,1.7,1.71,1.49,985669
23/07/1991,1.69,1.7,1.65,1.65,1.44,4421081
24/07/1991,1.66,1.68,1.62,1.64,1.43,3468825
25/07/1991,1.64,1.73,1.62,1.73,1.51,1465594
26/07/1991,1.72,1.72,1.7,1.71,1.49,838350
29/07/1991,1.71,1.72,1.7,1.72,1.5,1392694
30/07/1991,1.71,1.77,1.69,1.76,1.53,1655438
31/07/1991,1.76,1.78,1.76,1.78,1.55,2873475
01/08/1991,1.78,1.78,1.76,1.78,1.55,1347131
02/08/1991,1.78,1.78,1.75,1.77,1.54,1849838
05/08/1991,1.77,1.77,1.73,1.75,1.53,3081544
06/08/1991,1.74,1.74,1.72,1.73,1.51,3165075
07/08/1991,1.73,1.74,1.71,1.74,1.52,4111256
08/08/1991,1.75,1.78,1.73,1.73,1.51,3676894
09/08/1991,1.72,1.72,1.7,1.71,1.49,2250788
12/08/1991,1.71,1.72,1.7,1.71,1.49,1164881
13/08/1991,1.71,1.71,1.7,1.7,1.48,589275
14/08/1991,1.71,1.71,1.65,1.66,1.45,2223450
15/08/1991,1.67,1.7,1.66,1.7,1.48,2401144
16/08/1991,1.7,1.7,1.67,1.68,1.46,1524825
19/08/1991,1.6,1.66,1.6,1.61,1.41,4208456
20/08/1991,1.6,1.62,1.56,1.58,1.38,2867400
21/08/1991,1.61,1.63,1.61,1.62,1.41,2925113
22/08/1991,1.61,1.62,1.57,1.6,1.39,4103663
23/08/1991,1.59,1.65,1.59,1.63,1.42,2682113
26/08/1991,1.64,1.66,1.64,1.65,1.43,2639588
27/08/1991,1.65,1.65,1.63,1.65,1.43,1649363
28/08/1991,1.65,1.65,1.63,1.64,1.43,864169
29/08/1991,1.64,1.65,1.63,1.64,1.43,1201331
30/08/1991,1.61,1.67,1.6,1.6,1.4,2306981
03/09/1991,1.6,1.6,1.55,1.56,1.36,3096731
04/09/1991,1.55,1.56,1.5,1.54,1.34,6725025
05/09/1991,1.55,1.56,1.51,1.51,1.32,1811869
06/09/1991,1.52,1.52,1.46,1.49,1.3,4278319
09/09/1991,1.47,1.53,1.47,1.51,1.32,1892363
10/09/1991,1.52,1.55,1.52,1.54,1.34,1451925
11/09/1991,1.54,1.58,1.53,1.56,1.36,1532419
12/09/1991,1.55,1.6,1.53,1.59,1.39,7548188
13/09/1991,1.65,1.65,1.6,1.6,1.4,6486581
16/09/1991,1.6,1.61,1.58,1.61,1.41,2574281
17/09/1991,1.6,1.61,1.58,1.6,1.39,4023169
18/09/1991,1.58,1.6,1.58,1.6,1.4,2379881
19/09/1991,1.6,1.61,1.6,1.6,1.4,2177888
20/09/1991,1.6,1.62,1.6,1.61,1.41,3796875
23/09/1991,1.61,1.61,1.6,1.61,1.41,1210444
24/09/1991,1.61,1.63,1.6,1.63,1.42,580163
25/09/1991,1.62,1.62,1.6,1.6,1.39,754819
26/09/1991,1.6,1.61,1.59,1.61,1.41,2458856
27/09/1991,1.61,1.65,1.61,1.63,1.42,3017756
30/09/1991,1.63,1.64,1.6,1.6,1.4,1175513
01/10/1991,1.6,1.66,1.6,1.66,1.45,1994119
02/10/1991,1.66,1.7,1.65,1.65,1.44,2988900
03/10/1991,1.66,1.66,1.63,1.64,1.43,3836363
04/10/1991,1.64,1.65,1.63,1.64,1.43,1524825
07/10/1991,1.64,1.65,1.61,1.61,1.41,1013006
08/10/1991,1.64,1.65,1.63,1.65,1.44,2680594
09/10/1991,1.65,1.65,1.65,1.65,1.44,695588
10/10/1991,1.64,1.67,1.64,1.67,1.46,1430663
11/10/1991,1.67,1.71,1.67,1.7,1.49,2791463
14/10/1991,1.73,1.74,1.71,1.74,1.51,2302425
15/10/1991,1.74,1.75,1.73,1.75,1.53,2121694
16/10/1991,1.74,1.84,1.74,1.83,1.59,6316481
17/10/1991,1.84,1.88,1.8,1.86,1.62,3543244
18/10/1991,1.87,1.88,1.81,1.83,1.59,1808831
21/10/1991,1.81,1.82,1.74,1.78,1.55,1699481
22/10/1991,1.78,1.82,1.78,1.79,1.56,1857431
23/10/1991,1.79,1.8,1.76,1.76,1.54,592313
24/10/1991,1.77,1.77,1.74,1.74,1.51,628763
25/10/1991,1.74,1.75,1.73,1.75,1.53,1170956
28/10/1991,1.74,1.79,1.74,1.79,1.56,1834650
29/10/1991,1.8,1.82,1.79,1.82,1.59,776081
30/10/1991,1.82,1.88,1.82,1.88,1.64,2387475
31/10/1991,1.88,1.89,1.85,1.86,1.62,1216519
01/11/1991,1.85,1.86,1.84,1.84,1.61,1940963
04/11/1991,1.87,1.87,1.82,1.82,1.59,1502044
05/11/1991,1.82,1.82,1.76,1.76,1.54,997819
06/11/1991,1.76,1.76,1.7,1.74,1.51,5083256
07/11/1991,1.74,1.82,1.74,1.82,1.59,1225631
08/11/1991,1.83,1.83,1.79,1.79,1.56,2413294
11/11/1991,1.78,1.79,1.78,1.79,1.56,1113244
12/11/1991,1.79,1.79,1.78,1.78,1.55,2545425
13/11/1991,1.77,1.79,1.74,1.79,1.56,3017756
14/11/1991,1.88,1.93,1.87,1.93,1.68,5561663
15/11/1991,1.93,1.99,1.81,1.81,1.58,5844150
18/11/1991,1.84,1.91,1.84,1.9,1.66,3717900
19/11/1991,1.9,1.9,1.81,1.88,1.64,2789944
20/11/1991,1.88,1.88,1.84,1.86,1.62,1769344
21/11/1991,1.85,1.88,1.84,1.87,1.63,1664550
22/11/1991,1.88,1.88,1.87,1.88,1.64,1814906
25/11/1991,1.87,1.87,1.81,1.81,1.58,2103469
26/11/1991,1.83,1.86,1.83,1.85,1.62,1527863
27/11/1991,1.85,1.94,1.85,1.93,1.68,3111919
29/11/1991,1.93,1.93,1.9,1.9,1.66,1252969
02/12/1991,1.88,1.95,1.86,1.93,1.69,2426963
03/12/1991,1.93,1.98,1.93,1.97,1.72,3171150
04/12/1991,1.95,2.03,1.95,2.02,1.77,8202769
05/12/1991,2.02,2.03,2.0,2.02,1.76,2117138
06/12/1991,2.01,2.06,1.99,2.06,1.8,4131000
09/12/1991,2.05,2.09,1.94,1.94,1.7,7899019
10/12/1991,1.93,2.06,1.93,2.06,1.8,5356631
11/12/1991,2.04,2.04,2.0,2.0,1.75,2337356
12/12/1991,2.02,2.11,2.02,2.11,1.84,4448419
13/12/1991,2.13,2.16,2.11,2.14,1.87,3070913
16/12/1991,2.14,2.21,2.13,2.16,1.88,4044431
17/12/1991,2.15,2.15,2.07,2.11,1.84,2642625
18/12/1991,2.08,2.12,2.07,2.12,1.85,2574281
19/12/1991,2.12,2.12,2.09,2.11,1.84,1691888
20/12/1991,2.12,2.17,2.11,2.17,1.9,2111063
23/12/1991,2.16,2.3,2.16,2.22,1.94,3781688
24/12/1991,2.23,2.26,2.17,2.24,1.95,2237119
26/12/1991,2.22,2.28,2.22,2.27,1.98,934031
27/12/1991,2.29,2.29,2.27,2.28,1.99,1040344
30/12/1991,2.28,2.3,2.26,2.3,2.01,2563650
31/12/1991,2.3,2.3,2.23,2.25,1.96,2480119
02/01/1992,2.21,2.21,2.13,2.19,1.91,5153119
03/01/1992,2.21,2.25,2.18,2.24,1.95,2323688
06/01/1992,2.24,2.32,2.24,2.3,2.01,1681256
07/01/1992,2.29,2.38,2.29,2.35,2.05,3845475
08/01/1992,2.35,2.37,2.25,2.33,2.03,3845475
09/01/1992,2.33,2.34,2.21,2.24,1.95,3872813
10/01/1992,2.22,2.28,2.22,2.27,1.98,1632656
13/01/1992,2.29,2.33,2.24,2.3,2.01,4524356
14/01/1992,2.32,2.33,2.26,2.31,2.02,3110400
15/01/1992,2.31,2.46,2.3,2.44,2.13,6073481
16/01/1992,2.53,2.54,2.44,2.48,2.16,7273294
17/01/1992,2.46,2.46,2.34,2.37,2.07,3127106
20/01/1992,2.38,2.38,2.3,2.3,2.01,1877175
21/01/1992,2.29,2.29,2.17,2.17,1.9,4342106
22/01/1992,2.19,2.27,2.18,2.26,1.98,2375325
23/01/1992,2.28,2.33,2.26,2.3,2.0,2338875
24/01/1992,2.3,2.32,2.27,2.32,2.03,1120838
27/01/1992,2.35,2.38,2.29,2.29,2.0,2262938
28/01/1992,2.3,2.3,2.24,2.24,1.95,859613
29/01/1992,2.22,2.23,2.2,2.23,1.95,3111919
30/01/1992,2.24,2.26,2.21,2.24,1.95,3172669
31/01/1992,2.25,2.25,2.16,2.16,1.88,1436738
03/02/1992,2.16,2.19,2.13,2.19,1.91,1691888
04/02/1992,2.19,2.23,2.14,2.21,1.93,1819463
05/02/1992,2.23,2.33,2.23,2.27,1.98,5027063
06/02/1992,2.27,2.37,2.27,2.36,2.06,4322363
07/02/1992,2.37,2.4,2.32,2.32,2.03,2244713
10/02/1992,2.32,2.37,2.31,2.37,2.07,1848319
11/02/1992,2.39,2.5,2.39,2.44,2.13,22693163
12/02/1992,2.46,2.58,2.44,2.57,2.24,8477663
13/02/1992,2.55,2.57,2.5,2.51,2.19,5868450
14/02/1992,2.52,2.54,2.5,2.53,2.21,2372288
18/02/1992,2.63,2.63,2.6,2.61,2.28,4791656
19/02/1992,2.61,2.61,2.55,2.6,2.27,4367925
20/02/1992,2.58,2.61,2.57,2.61,2.28,9950850
21/02/1992,2.6,2.69,2.6,2.68,2.34,4109738
24/02/1992,2.63,2.67,2.61,2.67,2.33,3373144
25/02/1992,2.67,2.68,2.6,2.61,2.28,5941350
26/02/1992,2.61,2.61,2.59,2.61,2.28,1632656
27/02/1992,2.61,2.61,2.58,2.6,2.27,3070913
28/02/1992,2.61,2.61,2.59,2.59,2.26,1991081
02/03/1992,2.6,2.7,2.6,2.7,2.36,256669
03/03/1992,2.67,2.73,2.67,2.67,2.34,3327581
04/03/1992,2.69,2.71,2.65,2.66,2.32,2715525
05/03/1992,2.65,2.66,2.59,2.6,2.27,1098056
06/03/1992,2.6,2.62,2.51,2.52,2.2,1549125
09/03/1992,2.53,2.54,2.51,2.52,2.2,1372950
10/03/1992,2.53,2.62,2.53,2.59,2.26,1395731
11/03/1992,2.59,2.59,2.5,2.54,2.22,2786906
12/03/1992,2.54,2.57,2.53,2.57,2.24,1152731
13/03/1992,2.57,2.57,2.54,2.55,2.23,1380544
16/03/1992,2.55,2.57,2.54,2.56,2.24,1278788
17/03/1992,2.56,2.59,2.56,2.58,2.26,1858950
18/03/1992,2.57,2.6,2.55,2.6,2.27,3049650
19/03/1992,2.61,2.61,2.57,2.57,2.24,3187856
20/03/1992,2.58,2.58,2.52,2.52,2.2,1275750
23/03/1992,2.53,2.53,2.49,2.49,2.18,1875656
24/03/1992,2.5,2.5,2.39,2.44,2.13,4188713
25/03/1992,2.43,2.43,2.39,2.41,2.11,3339731
26/03/1992,2.42,2.43,2.4,2.42,2.11,1820981
27/03/1992,2.42,2.44,2.4,2.4,2.1,1482300
30/03/1992,2.41,2.49,2.4,2.48,2.16,5678606
31/03/1992,2.48,2.5,2.47,2.48,2.16,3869775
01/04/1992,2.48,2.48,2.45,2.47,2.16,2144475
02/04/1992,2.47,2.48,2.44,2.44,2.14,3397444
03/04/1992,2.44,2.44,2.39,2.4,2.1,856575
06/04/1992,2.39,2.4,2.35,2.39,2.08,1814906
07/04/1992,2.4,2.4,2.33,2.33,2.03,3172669
08/04/1992,2.34,2.36,2.3,2.35,2.05,1950075
09/04/1992,2.35,2.48,2.35,2.48,2.16,4325400
10/04/1992,2.52,2.57,2.52,2.53,2.21,3597919
13/04/1992,2.53,2.58,2.51,2.58,2.26,2855250
14/04/1992,2.6,2.61,2.58,2.6,2.27,2042719
15/04/1992,2.58,2.6,2.55,2.57,2.24,934031
16/04/1992,2.57,2.57,2.49,2.49,2.18,3157481
20/04/1992,2.49,2.5,2.44,2.44,2.14,694069
21/04/1992,2.44,2.44,2.38,2.39,2.08,2970675
22/04/1992,2.38,2.38,2.33,2.34,2.04,1816425
23/04/1992,2.34,2.46,2.34,2.46,2.15,2779313
24/04/1992,2.43,2.47,2.38,2.45,2.14,1257525
27/04/1992,2.45,2.46,2.4,2.43,2.12,3326063
28/04/1992,2.44,2.5,2.41,2.5,2.19,1341056
29/04/1992,2.54,2.59,2.53,2.59,2.26,3020794
30/04/1992,2.59,2.67,2.59,2.6,2.27,3013200
01/05/1992,2.63,2.65,2.51,2.54,2.22,1953113
04/05/1992,2.55,2.58,2.54,2.57,2.24,2211300
05/05/1992,2.57,2.76,2.57,2.75,2.4,3954825
06/05/1992,2.74,2.91,2.74,2.9,2.53,8025075
07/05/1992,2.91,2.91,2.8,2.89,2.52,4304138
08/05/1992,2.9,2.9,2.82,2.86,2.5,4319325
11/05/1992,2.83,2.93,2.83,2.92,2.55,5037694
12/05/1992,2.92,2.93,2.86,2.86,2.5,2644144
13/05/1992,2.85,2.85,2.78,2.81,2.46,4392225
14/05/1992,2.81,2.81,2.66,2.69,2.35,5060475
15/05/1992,2.69,2.76,2.69,2.74,2.39,1002375
18/05/1992,2.76,2.77,2.74,2.76,2.41,965925
19/05/1992,2.75,2.83,2.74,2.81,2.46,2065500
20/05/1992,2.81,2.9,2.8,2.87,2.51,4065694
21/05/1992,2.86,2.95,2.85,2.95,2.57,2916000
22/05/1992,2.93,2.96,2.9,2.95,2.57,4121888
26/05/1992,2.93,2.95,2.89,2.9,2.53,3865219
27/05/1992,2.9,2.92,2.86,2.91,2.54,3274425
28/05/1992,2.86,2.89,2.78,2.86,2.5,10579613
29/05/1992,2.86,2.86,2.81,2.84,2.48,5370300
01/06/1992,2.82,2.89,2.77,2.88,2.52,3253163
02/06/1992,2.88,2.91,2.86,2.9,2.53,1684294
03/06/1992,2.91,2.95,2.91,2.93,2.56,2884106
04/06/1992,2.95,3.06,2.94,3.02,2.64,3137738
05/06/1992,3.02,3.1,2.99,3.09,2.7,4313250
08/06/1992,3.09,3.09,3.04,3.05,2.67,2466450
09/06/1992,3.05,3.05,2.94,2.96,2.59,2846138
10/06/1992,2.95,2.96,2.92,2.95,2.58,1846800
11/06/1992,2.95,2.95,2.91,2.91,2.54,2240156
12/06/1992,2.91,2.99,2.91,2.94,2.57,1798200
15/06/1992,2.92,2.92,2.86,2.9,2.53,2232563
16/06/1992,2.91,3.0,2.91,3.0,2.63,1735931
17/06/1992,3.0,3.0,2.91,2.91,2.54,1825538
18/06/1992,2.91,2.92,2.83,2.92,2.55,3143813
19/06/1992,2.93,2.95,2.91,2.91,2.55,943144
22/06/1992,2.9,2.9,2.8,2.81,2.46,1614431
23/06/1992,2.83,2.86,2.82,2.86,2.5,2147513
24/06/1992,2.86,2.91,2.84,2.91,2.55,1808831
25/06/1992,2.83,2.83,2.75,2.75,2.4,6876900
26/06/1992,2.74,2.74,2.7,2.72,2.37,2167256
29/06/1992,2.72,2.81,2.72,2.81,2.46,1707075
30/06/1992,2.81,2.88,2.8,2.82,2.47,2896256
01/07/1992,2.8,2.86,2.75,2.77,2.42,3341250
02/07/1992,2.77,2.77,2.64,2.73,2.39,3289613
06/07/1992,2.75,2.83,2.75,2.81,2.46,1653919
07/07/1992,2.83,2.92,2.83,2.91,2.54,3212156
08/07/1992,2.9,2.9,2.81,2.81,2.46,3564506
09/07/1992,2.82,2.86,2.82,2.82,2.47,613575
10/07/1992,2.8,2.82,2.78,2.79,2.44,1477744
13/07/1992,2.79,2.82,2.78,2.82,2.47,1344094
14/07/1992,2.82,2.82,2.77,2.8,2.45,911250
15/07/1992,2.82,2.89,2.81,2.88,2.52,1582538
16/07/1992,2.88,2.96,2.88,2.9,2.53,1974375
17/07/1992,2.86,2.88,2.83,2.86,2.5,1333463
20/07/1992,2.63,2.75,2.63,2.72,2.37,2229525
21/07/1992,2.78,2.83,2.73,2.81,2.46,2029050
22/07/1992,2.85,2.85,2.78,2.81,2.46,2197631
23/07/1992,2.8,2.8,2.63,2.73,2.39,3408834
24/07/1992,2.7,2.81,2.68,2.8,2.45,1337259
27/07/1992,2.8,2.86,2.8,2.86,2.5,1142859
28/07/1992,2.85,2.88,2.81,2.85,2.49,1670625
29/07/1992,2.86,2.86,2.8,2.83,2.47,1257525
30/07/1992,2.83,2.95,2.83,2.95,2.58,2030569
31/07/1992,3.03,3.03,2.93,2.93,2.56,1928813
03/08/1992,2.91,2.93,2.85,2.85,2.49,3340491
04/08/1992,2.86,2.88,2.86,2.88,2.52,733556
05/08/1992,2.93,2.93,2.8,2.8,2.45,1556719
06/08/1992,2.8,2.83,2.78,2.78,2.43,921881
07/08/1992,2.77,2.86,2.75,2.8,2.45,1157288
10/08/1992,2.9,2.91,2.88,2.9,2.53,1166400
11/08/1992,2.93,2.98,2.9,2.93,2.56,1293975
12/08/1992,2.95,2.95,2.93,2.95,2.58,643950
13/08/1992,2.96,2.98,2.9,2.9,2.53,1956150
14/08/1992,2.96,2.96,2.9,2.93,2.56,1347891
17/08/1992,2.96,3.01,2.95,3.01,2.63,1260563
18/08/1992,3.0,3.01,2.91,2.95,2.58,1670625
19/08/1992,2.93,2.95,2.85,2.88,2.52,2851453
20/08/1992,2.86,2.88,2.8,2.85,2.49,1548366
21/08/1992,2.86,2.86,2.8,2.83,2.47,649266
24/08/1992,2.78,2.81,2.75,2.81,2.46,1021359
25/08/1992,2.81,2.83,2.78,2.81,2.46,782156
26/08/1992,2.8,2.8,2.77,2.8,2.45,615853
27/08/1992,2.78,2.8,2.77,2.8,2.45,560419
28/08/1992,2.8,2.85,2.77,2.8,2.45,975797
31/08/1992,2.8,2.85,2.77,2.8,2.45,744188
01/09/1992,2.81,2.96,2.81,2.95,2.58,1828575
02/09/1992,2.95,3.14,2.93,3.09,2.71,2229525
03/09/1992,3.09,3.24,3.09,3.14,2.75,4547897
04/09/1992,3.21,3.21,3.13,3.16,2.76,2441391
08/09/1992,3.16,3.16,3.08,3.11,2.72,880875
09/09/1992,3.14,3.16,3.09,3.13,2.74,1484578
10/09/1992,3.11,3.18,3.11,3.13,2.74,1973616
11/09/1992,3.09,3.19,3.09,3.19,2.79,2162700
14/09/1992,3.23,3.28,3.18,3.19,2.79,1338019
15/09/1992,3.16,3.21,3.14,3.18,2.78,1320553
16/09/1992,3.13,3.21,3.13,3.21,2.81,1437497
17/09/1992,3.19,3.29,3.19,3.28,2.87,2035884
18/09/1992,3.26,3.29,3.23,3.23,2.82,1693406
21/09/1992,3.26,3.28,3.23,3.26,2.85,945422
22/09/1992,3.26,3.29,3.24,3.28,2.87,1196016
23/09/1992,3.28,3.28,3.21,3.21,2.81,344756
24/09/1992,3.21,3.24,3.14,3.14,2.75,820125
25/09/1992,3.16,3.16,3.03,3.06,2.68,1485338
28/09/1992,3.08,3.09,2.96,3.05,2.66,2206744
29/09/1992,3.06,3.06,3.0,3.03,2.65,441956
30/09/1992,3.03,3.14,3.03,3.09,2.71,1430663
01/10/1992,3.13,3.23,3.08,3.23,2.82,924919
02/10/1992,3.24,3.34,3.16,3.18,2.78,1570388
05/10/1992,3.09,3.14,2.91,3.14,2.75,2098153
06/10/1992,3.19,3.19,3.11,3.16,2.76,901378
07/10/1992,3.16,3.16,3.01,3.05,2.66,755578
08/10/1992,3.11,3.11,3.0,3.06,2.68,674325
09/10/1992,3.08,3.08,3.05,3.06,2.68,1470909
12/10/1992,3.05,3.09,3.05,3.09,2.71,366019
13/10/1992,3.08,3.21,3.08,3.16,2.76,2051831
14/10/1992,3.16,3.16,3.05,3.06,2.68,786713
15/10/1992,3.05,3.26,3.05,3.26,2.85,1850597
16/10/1992,3.28,3.29,3.21,3.24,2.84,1088944
19/10/1992,3.26,3.28,3.11,3.19,2.79,1253728
20/10/1992,3.19,3.29,3.19,3.24,2.84,1427625
21/10/1992,3.28,3.28,3.14,3.21,2.81,2012344
22/10/1992,3.23,3.24,3.18,3.19,2.79,1076034
23/10/1992,3.18,3.23,3.18,3.21,2.81,915806
26/10/1992,3.23,3.34,3.23,3.33,2.91,1565831
27/10/1992,3.36,3.39,3.33,3.34,2.92,1366875
28/10/1992,3.34,3.36,3.33,3.33,2.91,1156528
29/10/1992,3.34,3.42,3.26,3.33,2.91,3311634
30/10/1992,3.33,3.33,3.28,3.33,2.91,779878
02/11/1992,3.33,3.34,3.26,3.26,2.85,748744
03/11/1992,3.26,3.29,3.26,3.28,2.87,1065403
04/11/1992,3.28,3.33,3.28,3.33,2.91,577125
05/11/1992,3.33,3.37,3.31,3.34,2.92,1107169
06/11/1992,3.36,3.37,3.31,3.36,2.94,1187663
09/11/1992,3.37,3.46,3.36,3.44,3.01,1413956
10/11/1992,3.46,3.46,3.39,3.44,3.01,1185384
11/11/1992,3.46,3.51,3.44,3.47,3.04,1265119
12/11/1992,3.49,3.49,3.39,3.42,2.99,1256006
13/11/1992,3.42,3.46,3.41,3.44,3.01,895303
16/11/1992,3.37,3.37,3.24,3.33,2.91,2948653
17/11/1992,3.31,3.33,3.23,3.26,2.85,2037403
18/11/1992,3.29,3.37,3.28,3.36,2.94,1104131
19/11/1992,3.37,3.42,3.29,3.31,2.89,1732894
20/11/1992,3.31,3.37,3.31,3.33,2.91,1360041
23/11/1992,3.29,3.39,3.29,3.39,2.97,1372191
24/11/1992,3.37,3.44,3.36,3.41,2.98,1940963
25/11/1992,3.42,3.49,3.42,3.47,3.04,1524825
27/11/1992,3.46,3.56,3.46,3.52,3.08,621928
30/11/1992,3.52,3.57,3.51,3.52,3.08,1927294
01/12/1992,3.54,3.65,3.54,3.62,3.17,3100528
02/12/1992,3.65,3.65,3.62,3.65,3.2,666731
03/12/1992,3.65,3.67,3.6,3.62,3.17,754819
04/12/1992,3.65,3.74,3.6,3.72,3.26,965166
07/12/1992,3.75,3.87,3.75,3.87,3.39,2587191
08/12/1992,3.87,3.87,3.82,3.82,3.34,1407881
09/12/1992,3.82,3.84,3.74,3.77,3.3,908213
10/12/1992,3.79,3.8,3.75,3.8,3.33,582441
11/12/1992,3.79,3.8,3.72,3.77,3.3,313622
14/12/1992,3.74,3.74,3.6,3.64,3.18,622688
15/12/1992,3.56,3.57,3.49,3.49,3.05,3645759
16/12/1992,3.51,3.52,3.41,3.46,3.03,3074709
17/12/1992,3.47,3.74,3.47,3.74,3.27,4277559
18/12/1992,3.82,3.88,3.77,3.87,3.39,2770200
21/12/1992,3.84,3.88,3.84,3.88,3.4,1369913
22/12/1992,3.92,3.92,3.85,3.87,3.39,1458759
23/12/1992,3.85,3.85,3.75,3.79,3.31,560419
24/12/1992,3.8,3.8,3.77,3.8,3.33,170859
28/12/1992,3.8,3.84,3.77,3.84,3.36,377409
29/12/1992,3.82,3.85,3.79,3.82,3.34,717609
30/12/1992,3.82,3.85,3.8,3.84,3.36,778359
31/12/1992,3.85,3.93,3.85,3.88,3.4,1777697
04/01/1993,3.88,3.95,3.88,3.95,3.46,1107169
05/01/1993,3.93,3.93,3.85,3.9,3.41,1738209
06/01/1993,3.9,3.9,3.79,3.8,3.33,1406363
07/01/1993,3.8,3.85,3.72,3.72,3.26,2547703
08/01/1993,3.74,3.77,3.7,3.7,3.24,1039584
11/01/1993,3.75,3.8,3.67,3.8,3.33,1440534
12/01/1993,3.79,3.82,3.79,3.8,3.33,1044141
13/01/1993,3.79,3.8,3.67,3.7,3.24,1549884
14/01/1993,3.69,3.84,3.69,3.84,3.36,987188
15/01/1993,3.84,3.87,3.84,3.87,3.39,766209
18/01/1993,3.84,3.87,3.84,3.87,3.39,1087425
19/01/1993,3.87,3.87,3.79,3.8,3.33,1044141
20/01/1993,3.77,3.79,3.7,3.7,3.24,1644806
21/01/1993,3.74,3.79,3.7,3.7,3.24,1824778
22/01/1993,3.72,3.74,3.67,3.69,3.23,2726156
25/01/1993,3.69,3.7,3.59,3.62,3.17,2614528
26/01/1993,3.62,3.75,3.6,3.72,3.26,1451925
27/01/1993,3.92,4.0,3.87,3.88,3.4,7681078
28/01/1993,3.9,3.92,3.84,3.87,3.39,1803516
29/01/1993,3.84,3.9,3.82,3.9,3.41,2785388
01/02/1993,3.95,4.13,3.93,4.13,3.62,3975328
02/02/1993,4.13,4.15,4.07,4.07,3.56,2070816
03/02/1993,4.08,4.28,4.03,4.23,3.7,3427059
04/02/1993,4.2,4.54,4.2,4.48,3.92,4430194
05/02/1993,4.44,4.46,4.3,4.31,3.77,2041200
08/02/1993,4.31,4.51,4.3,4.49,3.93,2550741
09/02/1993,4.48,4.59,4.48,4.58,4.0,3733847
10/02/1993,4.58,4.59,4.53,4.59,4.02,2343431
11/02/1993,4.59,4.64,4.58,4.58,4.0,2665406
12/02/1993,4.61,4.74,4.61,4.69,4.11,1672144
16/02/1993,4.66,4.71,4.41,4.43,3.87,3453638
17/02/1993,4.43,4.43,4.1,4.21,3.69,5128059
18/02/1993,4.38,4.38,4.18,4.25,3.72,4094550
19/02/1993,4.25,4.31,4.25,4.28,3.75,4016334
22/02/1993,4.28,4.31,4.1,4.15,3.63,2401903
23/02/1993,4.15,4.38,4.15,4.31,3.77,2098153
24/02/1993,4.28,4.48,4.26,4.48,3.92,2386716
25/02/1993,4.44,4.54,4.4,4.51,3.95,2701097
26/02/1993,4.51,4.54,4.44,4.48,3.92,1077553
01/03/1993,4.54,4.54,4.48,4.49,3.93,1618228
02/03/1993,4.53,4.54,4.49,4.53,3.96,1265878
03/03/1993,4.53,4.63,4.53,4.59,4.02,1537734
04/03/1993,4.59,4.66,4.59,4.66,4.08,1094259
05/03/1993,4.64,4.67,4.51,4.51,3.95,796584
08/03/1993,4.53,4.72,4.53,4.69,4.11,3162038
09/03/1993,4.66,4.84,4.66,4.77,4.18,1191459
10/03/1993,4.77,4.79,4.69,4.77,4.18,1413197
11/03/1993,4.76,4.76,4.71,4.74,4.15,901378
12/03/1993,4.67,4.74,4.61,4.71,4.12,1641009
15/03/1993,4.74,4.76,4.69,4.71,4.12,1618988
16/03/1993,4.71,4.76,4.71,4.74,4.15,1393453
17/03/1993,4.76,4.77,4.67,4.67,4.09,1801238
18/03/1993,4.69,4.69,4.66,4.67,4.09,747984
19/03/1993,4.69,4.72,4.66,4.66,4.08,1293216
22/03/1993,4.61,4.72,4.61,4.71,4.12,1619747
23/03/1993,4.72,4.82,4.72,4.82,4.22,1793644
24/03/1993,4.74,4.82,4.71,4.76,4.16,2243194
25/03/1993,4.72,4.81,4.72,4.79,4.19,426769
26/03/1993,4.77,4.82,4.77,4.82,4.22,647747
29/03/1993,4.84,4.97,4.84,4.95,4.34,1454963
30/03/1993,4.92,4.95,4.91,4.95,4.34,1571906
31/03/1993,4.95,4.97,4.94,4.97,4.35,719128
01/04/1993,4.94,4.97,4.89,4.94,4.32,1098816
02/04/1993,4.94,4.94,4.77,4.81,4.21,1203609
05/04/1993,4.84,4.86,4.76,4.79,4.19,1732894
06/04/1993,4.77,4.79,4.72,4.76,4.16,2584153
07/04/1993,4.79,5.17,4.77,5.12,4.48,3432375
08/04/1993,5.27,5.6,5.25,5.32,4.65,8891522
12/04/1993,5.32,5.47,5.3,5.42,4.74,3122550
13/04/1993,5.47,5.53,5.47,5.5,4.81,3833325
14/04/1993,5.48,5.48,5.37,5.42,4.74,2243953
15/04/1993,5.4,5.5,5.33,5.47,4.78,2020697
16/04/1993,5.53,5.66,5.53,5.58,4.89,2469488
19/04/1993,5.56,5.58,5.4,5.4,4.73,2874994
20/04/1993,5.43,5.43,5.05,5.14,4.5,5267025
21/04/1993,5.12,5.28,4.94,5.14,4.5,11657925
22/04/1993,5.15,5.17,4.97,4.97,4.35,4339069
23/04/1993,4.97,4.97,4.82,4.92,4.31,3458194
26/04/1993,4.84,4.89,4.58,4.61,4.04,5858578
27/04/1993,4.54,4.87,4.38,4.82,4.22,9819478
28/04/1993,4.77,4.87,4.74,4.76,4.16,2281922
29/04/1993,4.76,4.76,4.61,4.72,4.14,1724541
30/04/1993,4.67,4.86,4.67,4.86,4.25,2431519
03/05/1993,4.84,4.87,4.74,4.81,4.21,2052591
04/05/1993,4.79,4.89,4.79,4.86,4.25,3215953
05/05/1993,4.91,4.94,4.86,4.89,4.28,1758713
06/05/1993,5.0,5.05,4.94,5.05,4.42,3627534
07/05/1993,5.04,5.05,4.94,4.99,4.37,1955391
10/05/1993,4.97,5.14,4.94,4.97,4.35,1930331
11/05/1993,4.94,4.95,4.79,4.82,4.22,1521788
12/05/1993,4.84,4.97,4.84,4.89,4.28,2104228
13/05/1993,4.91,4.91,4.86,4.87,4.27,1432181
14/05/1993,4.87,4.95,4.86,4.92,4.31,1811109
17/05/1993,4.95,4.97,4.86,4.92,4.31,991744
18/05/1993,4.89,4.92,4.79,4.87,4.27,2521125
19/05/1993,4.87,5.14,4.81,5.1,4.47,3449841
20/05/1993,5.27,5.4,5.25,5.28,4.63,5011116
21/05/1993,5.32,5.38,5.28,5.32,4.65,2233322
24/05/1993,5.35,5.38,5.3,5.33,4.67,1641009
25/05/1993,5.33,5.45,5.32,5.43,4.76,1435219
26/05/1993,5.45,5.5,5.43,5.5,4.81,1092741
27/05/1993,5.5,5.53,5.4,5.45,4.77,1439016
28/05/1993,5.35,5.5,5.35,5.43,4.76,1999434
01/06/1993,5.45,5.6,5.45,5.6,4.9,1552922
02/06/1993,5.7,5.7,5.63,5.68,4.97,1665309
03/06/1993,5.68,5.68,5.6,5.63,4.93,1233984
04/06/1993,5.56,5.58,5.47,5.58,4.89,1783772
07/06/1993,5.56,5.56,5.42,5.5,4.82,1142859
08/06/1993,5.5,5.6,5.5,5.55,4.86,3326063
09/06/1993,5.93,5.93,5.63,5.7,4.99,4415766
10/06/1993,5.58,5.63,5.51,5.58,4.89,3028388
11/06/1993,5.6,5.65,5.48,5.65,4.94,1980450
14/06/1993,5.68,5.7,5.58,5.6,4.9,1398009
15/06/1993,5.65,5.71,5.61,5.68,4.97,1094259
16/06/1993,5.63,5.63,5.42,5.45,4.77,2788425
17/06/1993,5.4,5.43,5.3,5.38,4.71,2204466
18/06/1993,5.35,5.5,5.35,5.43,4.76,2089800
21/06/1993,5.5,5.5,5.33,5.37,4.7,1514953
22/06/1993,5.33,5.35,5.27,5.28,4.63,1443572
23/06/1993,5.33,5.43,5.27,5.27,4.61,1664550
24/06/1993,5.3,5.43,5.3,5.43,4.76,1591650
25/06/1993,5.47,5.56,5.43,5.47,4.79,2178647
28/06/1993,5.5,5.53,5.48,5.51,4.83,2820319
29/06/1993,5.56,5.63,5.55,5.6,4.9,3362513
30/06/1993,5.6,5.89,5.6,5.74,5.03,3802191
01/07/1993,5.78,5.86,5.78,5.83,5.1,1208166
02/07/1993,5.83,5.86,5.65,5.83,5.1,2664647
06/07/1993,5.84,5.88,5.74,5.78,5.06,1542291
07/07/1993,5.76,5.78,5.51,5.55,4.86,2080688
08/07/1993,5.7,5.78,5.65,5.76,5.05,3865978
09/07/1993,5.81,5.88,5.78,5.83,5.1,1341816
12/07/1993,5.83,5.88,5.81,5.83,5.1,1698722
13/07/1993,5.84,5.99,5.83,5.98,5.23,3377700
14/07/1993,5.98,6.07,5.96,6.07,5.32,3080025
15/07/1993,6.09,6.17,6.07,6.16,5.39,2272050
16/07/1993,6.17,6.37,6.17,6.3,5.51,2422913
19/07/1993,6.3,6.44,6.22,6.25,5.47,2788931
20/07/1993,6.32,6.37,6.27,6.32,5.54,1577475
21/07/1993,6.3,6.49,6.17,6.3,5.51,4496006
22/07/1993,6.37,6.44,6.3,6.4,5.6,1409906
23/07/1993,6.37,6.44,6.32,6.4,5.6,1729856
26/07/1993,6.35,6.47,6.32,6.42,5.62,1806806
27/07/1993,6.44,6.47,6.4,6.47,5.67,1116281
28/07/1993,6.47,6.59,6.42,6.49,5.69,1873631
29/07/1993,6.52,6.54,6.44,6.52,5.71,1938431
30/07/1993,6.52,6.52,6.44,6.52,5.71,1439775
02/08/1993,6.52,6.52,6.47,6.52,5.71,988200
03/08/1993,6.57,6.67,6.54,6.67,5.84,1784531
04/08/1993,6.69,6.79,6.67,6.79,5.95,1613925
05/08/1993,6.79,6.79,6.72,6.74,5.9,1549631
06/08/1993,6.74,6.77,6.69,6.77,5.93,796838
09/08/1993,6.72,6.94,6.69,6.91,6.05,1606331
10/08/1993,6.94,7.16,6.91,7.14,6.25,2343938
11/08/1993,7.14,7.31,7.09,7.23,6.34,2697300
12/08/1993,7.21,7.21,6.91,7.04,6.16,2790450
13/08/1993,6.99,7.06,6.99,7.04,6.16,1680244
16/08/1993,7.06,7.06,6.94,6.99,6.12,1459013
17/08/1993,6.99,7.28,6.99,7.26,6.36,1309163
18/08/1993,7.31,7.43,7.28,7.31,6.4,1762763
19/08/1993,7.11,7.23,6.99,7.14,6.25,3682463
20/08/1993,7.14,7.16,7.06,7.11,6.23,1191713
23/08/1993,7.06,7.09,7.01,7.04,6.16,2004244
24/08/1993,7.09,7.14,6.99,7.09,6.21,4046963
25/08/1993,7.09,7.21,7.09,7.14,6.25,2527706
26/08/1993,7.14,7.16,7.01,7.01,6.14,1363838
27/08/1993,7.01,7.04,7.01,7.04,6.16,576113
30/08/1993,6.96,6.99,6.74,6.81,5.97,3343275
31/08/1993,6.84,7.06,6.81,6.96,6.1,1407375
01/09/1993,6.96,7.04,6.86,6.96,6.1,1226138
02/09/1993,6.96,6.99,6.89,6.91,6.06,1479769
03/09/1993,6.91,6.91,6.77,6.81,5.97,1276763
07/09/1993,6.81,6.94,6.74,6.74,5.91,1329919
08/09/1993,6.59,6.62,6.32,6.4,5.6,2984344
09/09/1993,6.42,6.74,6.4,6.74,5.91,2707931
10/09/1993,6.69,6.77,6.52,6.57,5.75,2355581
13/09/1993,6.57,6.69,6.42,6.47,5.67,1687331
14/09/1993,6.47,6.47,6.25,6.3,5.52,3468319
15/09/1993,6.25,6.59,6.17,6.59,5.78,4850888
16/09/1993,6.57,6.64,6.52,6.59,5.78,1078313
17/09/1993,6.57,6.64,6.52,6.62,5.8,1341563
20/09/1993,6.69,6.72,6.59,6.59,5.78,1208925
21/09/1993,6.54,6.64,6.4,6.4,5.6,1042369
22/09/1993,6.44,6.57,6.44,6.44,5.65,1115269
23/09/1993,6.52,6.54,6.4,6.47,5.67,1605825
24/09/1993,6.49,6.64,6.42,6.57,5.75,1978931
27/09/1993,6.57,6.59,6.49,6.57,5.75,1356750
28/09/1993,6.57,6.64,6.52,6.64,5.82,3022819
29/09/1993,6.62,6.77,6.57,6.64,5.82,2660850
30/09/1993,6.62,6.86,6.59,6.84,5.99,2012850
01/10/1993,6.81,6.96,6.79,6.91,6.06,1196775
04/10/1993,6.94,6.96,6.86,6.94,6.08,1932356
05/10/1993,6.94,7.04,6.86,6.91,6.06,2256863
06/10/1993,6.91,6.91,6.81,6.91,6.06,1149188
07/10/1993,6.86,7.06,6.86,7.04,6.16,1044394
08/10/1993,7.01,7.01,6.89,6.91,6.06,1100081
11/10/1993,6.94,7.01,6.91,6.96,6.1,989719
12/10/1993,6.96,6.99,6.94,6.99,6.12,1776938
13/10/1993,7.01,7.09,6.99,7.09,6.21,1816931
14/10/1993,7.06,7.06,7.01,7.04,6.16,689006
15/10/1993,7.04,7.06,7.01,7.04,6.16,1048950
18/10/1993,7.04,7.04,6.91,6.91,6.06,1751625
19/10/1993,6.94,6.99,6.72,6.74,5.91,2016394
20/10/1993,6.64,6.67,6.05,6.17,5.41,10165500
21/10/1993,6.2,6.37,6.2,6.25,5.47,8737369
22/10/1993,6.25,6.27,5.93,6.0,5.26,12247200
25/10/1993,6.02,6.15,5.95,5.95,5.21,5275125
26/10/1993,5.98,6.22,5.88,6.17,5.41,6966506
27/10/1993,6.2,6.27,6.12,6.25,5.47,3981150
28/10/1993,6.25,6.42,6.22,6.25,5.47,5312081
29/10/1993,6.22,6.25,6.1,6.15,5.39,1940456
01/11/1993,6.12,6.2,6.05,6.2,5.43,4099613
02/11/1993,6.17,6.17,6.05,6.15,5.39,3893569
03/11/1993,6.32,6.47,6.15,6.17,5.41,4490944
04/11/1993,6.17,6.44,6.12,6.22,5.45,10050581
05/11/1993,6.25,6.4,6.2,6.4,5.6,3369600
08/11/1993,6.4,6.67,6.4,6.62,5.8,3164569
09/11/1993,6.62,6.86,6.62,6.79,5.95,4815956
10/11/1993,6.79,6.99,6.74,6.89,6.04,5469525
11/11/1993,6.91,7.09,6.77,6.77,5.93,3249113
12/11/1993,6.77,6.96,6.72,6.74,5.91,2473031
15/11/1993,6.72,6.72,6.54,6.67,5.84,2276100
16/11/1993,6.72,6.77,6.62,6.69,5.86,2655788
17/11/1993,6.74,6.74,6.52,6.62,5.8,2190038
18/11/1993,6.59,6.79,6.59,6.64,5.82,2109544
19/11/1993,6.67,6.69,6.49,6.52,5.71,1522800
22/11/1993,6.52,6.52,6.27,6.37,5.58,1993613
23/11/1993,6.42,6.47,6.3,6.44,5.65,1627088
24/11/1993,6.44,6.54,6.42,6.47,5.67,1139063
26/11/1993,6.47,6.67,6.47,6.62,5.8,1322831
29/11/1993,6.67,6.96,6.67,6.91,6.06,5461931
30/11/1993,6.96,6.99,6.84,6.86,6.02,2219906
01/12/1993,6.89,6.96,6.77,6.86,6.02,2224969
02/12/1993,6.86,6.86,6.69,6.74,5.91,1695938
03/12/1993,6.74,6.79,6.64,6.77,5.93,1273219
06/12/1993,6.77,6.84,6.64,6.69,5.86,963394
07/12/1993,6.67,6.67,6.49,6.62,5.8,1548113
08/12/1993,6.62,6.77,6.59,6.67,5.84,1793138
09/12/1993,6.72,6.77,6.59,6.59,5.78,746213
10/12/1993,6.64,6.72,6.64,6.72,5.89,473344
13/12/1993,6.72,7.14,6.72,7.11,6.23,5519138
14/12/1993,7.26,7.26,7.11,7.21,6.32,4446394
15/12/1993,7.19,7.41,7.19,7.33,6.43,6530625
16/12/1993,7.31,7.41,7.11,7.11,6.23,3692588
17/12/1993,7.09,7.14,7.01,7.14,6.25,2826394
20/12/1993,7.11,7.19,7.04,7.19,6.3,2010825
21/12/1993,7.21,7.21,6.96,7.01,6.14,2151056
22/12/1993,7.01,7.28,7.01,7.23,6.34,2054363
23/12/1993,7.26,7.26,6.91,6.99,6.12,2196113
27/12/1993,7.09,7.16,7.04,7.09,6.21,1039331
28/12/1993,7.16,7.28,7.14,7.28,6.38,1447369
29/12/1993,7.31,7.38,7.28,7.36,6.45,4003425
30/12/1993,7.36,7.36,7.28,7.33,6.43,1688344
31/12/1993,7.36,7.43,7.36,7.38,6.47,1289419
03/01/1994,7.36,7.46,7.36,7.43,6.51,2531250
04/01/1994,7.23,7.36,7.11,7.21,6.32,1905525
05/01/1994,7.26,7.28,7.19,7.19,6.3,1016550
06/01/1994,7.28,7.31,7.21,7.26,6.36,2086763
07/01/1994,7.21,7.33,7.19,7.26,6.36,2331281
10/01/1994,7.26,7.26,7.16,7.21,6.32,2002725
11/01/1994,7.21,7.23,7.09,7.19,6.3,1321313
12/01/1994,7.23,7.26,7.21,7.21,6.32,1510144
13/01/1994,7.16,7.33,7.16,7.28,6.38,1581019
14/01/1994,7.31,7.31,7.21,7.26,6.36,997819
17/01/1994,7.19,7.33,7.19,7.31,6.4,1229681
18/01/1994,7.33,7.36,7.16,7.31,6.4,1536975
19/01/1994,7.28,7.28,7.14,7.26,6.36,923400
20/01/1994,7.21,7.28,7.19,7.26,6.36,1275244
21/01/1994,7.31,7.31,7.28,7.31,6.4,1163363
24/01/1994,7.33,7.36,7.23,7.31,6.4,1274738
25/01/1994,7.16,7.23,7.14,7.14,6.25,1712644
26/01/1994,7.16,7.19,7.06,7.19,6.3,803419
27/01/1994,7.19,7.19,7.01,7.09,6.21,1363838
28/01/1994,7.14,7.36,7.14,7.28,6.38,1296000
31/01/1994,7.33,7.48,7.33,7.36,6.45,2099925
01/02/1994,7.33,7.46,7.31,7.38,6.47,2076638
02/02/1994,7.38,7.53,7.36,7.41,6.49,2936250
03/02/1994,7.7,7.7,7.56,7.65,6.71,3741694
04/02/1994,7.6,7.63,7.38,7.38,6.47,3908250
07/02/1994,7.38,7.46,7.21,7.31,6.4,2716031
08/02/1994,7.38,7.53,7.36,7.48,6.56,2806650
09/02/1994,7.48,7.56,7.43,7.46,6.53,4009500
10/02/1994,7.46,7.48,7.28,7.31,6.4,1134000
11/02/1994,7.31,7.31,7.16,7.21,6.32,1944506
14/02/1994,7.16,7.26,7.16,7.23,6.34,2576306
15/02/1994,7.23,7.41,7.21,7.26,6.36,1437750
16/02/1994,7.26,7.31,7.23,7.31,6.4,1622531
17/02/1994,7.31,7.36,7.21,7.21,6.32,2646675
18/02/1994,7.21,7.21,6.91,7.11,6.23,2775769
22/02/1994,7.09,7.11,6.99,7.09,6.21,2856263
23/02/1994,7.09,7.11,6.99,7.01,6.14,1619494
24/02/1994,6.96,6.96,6.84,6.89,6.04,2103469
25/02/1994,6.86,6.91,6.74,6.81,5.97,1801238
28/02/1994,6.81,6.81,6.62,6.74,5.91,3221269
01/03/1994,6.81,6.81,6.67,6.81,5.97,2520113
02/03/1994,6.74,6.81,6.57,6.77,5.93,2886131
03/03/1994,6.72,6.79,6.69,6.77,5.93,969469
04/03/1994,6.77,6.81,6.74,6.74,5.91,1901475
07/03/1994,6.77,6.86,6.69,6.74,5.91,1864013
08/03/1994,6.79,6.81,6.62,6.69,5.87,2083219
09/03/1994,6.69,6.72,6.62,6.72,5.89,1682775
10/03/1994,6.72,6.74,6.57,6.62,5.8,1726819
11/03/1994,6.64,6.69,6.52,6.62,5.8,2591494
14/03/1994,6.67,6.72,6.59,6.64,5.82,1186144
15/03/1994,6.64,6.81,6.62,6.77,5.93,2838544
16/03/1994,6.81,7.11,6.77,7.09,6.21,2929163
17/03/1994,7.11,7.11,6.99,7.09,6.21,2349000
18/03/1994,7.09,7.09,6.99,6.99,6.13,1684800
21/03/1994,6.99,6.99,6.86,6.86,6.02,1075781
22/03/1994,6.81,6.84,6.77,6.77,5.93,2033100
23/03/1994,6.81,6.84,6.77,6.79,5.95,2064488
24/03/1994,6.74,6.77,6.59,6.62,5.8,2215856
25/03/1994,6.62,6.69,6.59,6.62,5.8,2158144
28/03/1994,6.72,6.77,6.52,6.57,5.76,3071925
29/03/1994,6.57,6.59,6.47,6.47,5.67,1598231
30/03/1994,6.42,6.42,6.17,6.25,5.48,4235794
31/03/1994,6.25,6.47,6.17,6.47,5.67,2245219
04/04/1994,6.32,6.4,6.27,6.35,5.56,2559094
05/04/1994,6.52,6.59,6.47,6.59,5.78,3027881
06/04/1994,6.57,6.74,6.54,6.62,5.8,1848319
07/04/1994,6.64,6.77,6.62,6.64,5.82,2088281
08/04/1994,6.67,6.79,6.64,6.69,5.87,1361306
11/04/1994,6.72,6.74,6.62,6.72,5.89,1060088
12/04/1994,6.72,6.77,6.64,6.64,5.82,1963238
13/04/1994,6.64,6.67,6.54,6.54,5.74,1591144
14/04/1994,6.54,6.57,6.47,6.47,5.67,1915650
15/04/1994,6.47,6.47,6.3,6.35,5.56,1793138
18/04/1994,6.37,6.37,6.12,6.12,5.37,2712994
19/04/1994,6.12,6.12,6.02,6.05,5.3,3929513
20/04/1994,6.0,6.1,5.83,5.9,5.17,3552356
21/04/1994,5.93,6.22,5.93,6.2,5.43,4182638
22/04/1994,6.12,6.22,6.0,6.1,5.35,4394756
25/04/1994,6.15,6.2,6.05,6.17,5.41,5170331
26/04/1994,6.2,6.2,6.12,6.2,5.43,3170138
28/04/1994,6.2,6.2,5.98,6.07,5.32,4170994
29/04/1994,6.1,6.17,6.02,6.17,5.41,2547956
02/05/1994,6.2,6.25,6.05,6.17,5.41,1943494
03/05/1994,6.15,6.25,6.15,6.25,5.48,2226488
04/05/1994,6.2,6.2,5.93,5.98,5.24,2779313
05/05/1994,5.98,6.0,5.56,5.63,4.93,17955675
06/05/1994,5.23,5.53,5.21,5.43,4.76,19469363
09/05/1994,5.41,5.48,5.31,5.43,4.76,8387550
10/05/1994,5.48,5.63,5.46,5.63,4.93,5805675
11/05/1994,5.6,5.68,5.48,5.56,4.87,3818644
12/05/1994,5.53,5.56,5.33,5.38,4.72,5608744
13/05/1994,5.28,5.31,4.96,5.01,4.39,14961713
16/05/1994,5.09,5.11,4.77,4.89,4.29,9561544
17/05/1994,4.89,4.96,4.84,4.91,4.31,5195138
18/05/1994,5.01,5.26,4.99,5.21,4.57,6665288
19/05/1994,5.21,5.51,5.21,5.38,4.72,9416756
20/05/1994,5.33,5.36,5.23,5.28,4.63,3618675
23/05/1994,5.31,5.31,5.19,5.23,4.59,2922581
24/05/1994,5.26,5.33,5.23,5.33,4.67,2593013
25/05/1994,5.31,5.33,5.21,5.28,4.63,2443669
26/05/1994,5.28,5.38,5.28,5.38,4.72,2426963
27/05/1994,5.38,5.43,5.36,5.43,4.76,1664550
31/05/1994,5.43,5.56,5.43,5.51,4.83,2653256
01/06/1994,5.56,5.56,5.46,5.51,4.83,1244363
02/06/1994,5.56,5.56,5.38,5.41,4.74,2711475
03/06/1994,5.43,5.43,5.21,5.21,4.57,5353594
06/06/1994,5.21,5.21,5.01,5.04,4.42,4865569
07/06/1994,5.01,5.16,5.01,5.14,4.5,6506831
08/06/1994,5.14,5.19,5.09,5.09,4.46,3053194
09/06/1994,5.09,5.16,5.09,5.16,4.53,2118150
10/06/1994,5.19,5.26,5.16,5.23,4.59,2100938
13/06/1994,5.19,5.23,5.16,5.16,4.53,2203200
14/06/1994,5.16,5.26,5.14,5.19,4.55,3590325
15/06/1994,5.23,5.38,5.19,5.28,4.63,2989913
16/06/1994,5.31,5.56,5.28,5.53,4.85,3521475
17/06/1994,5.53,5.58,5.46,5.56,4.87,4071263
20/06/1994,5.56,5.6,5.48,5.51,4.83,2077650
21/06/1994,5.51,5.51,5.23,5.33,4.68,2033606
22/06/1994,5.41,5.51,5.41,5.48,4.81,2310019
23/06/1994,5.46,5.48,5.33,5.33,4.68,1421044
24/06/1994,5.28,5.28,5.04,5.14,4.5,3981150
27/06/1994,5.16,5.26,5.09,5.16,4.53,3846994
28/06/1994,5.16,5.16,5.09,5.11,4.48,3493631
29/06/1994,5.14,5.16,5.09,5.14,4.5,3212156
30/06/1994,5.14,5.19,5.11,5.19,4.55,2817281
01/07/1994,5.16,5.21,5.14,5.19,4.55,1732894
05/07/1994,5.09,5.41,5.06,5.36,4.7,4114800
06/07/1994,5.48,5.56,5.41,5.51,4.83,10253588
07/07/1994,5.53,5.6,5.51,5.6,4.91,5592038
08/07/1994,5.56,5.56,5.48,5.56,4.87,2835506
11/07/1994,5.56,5.6,5.48,5.58,4.89,4723819
12/07/1994,5.63,5.68,5.56,5.6,4.91,34088850
13/07/1994,5.58,5.6,5.51,5.53,4.85,5499900
14/07/1994,5.56,5.63,5.56,5.63,4.94,2226488
15/07/1994,5.63,5.85,5.63,5.83,5.11,4278825
18/07/1994,5.83,5.85,5.7,5.7,5.0,2562131
19/07/1994,5.7,5.78,5.68,5.78,5.07,1849838
20/07/1994,5.78,5.8,5.58,5.65,4.96,3758400
21/07/1994,5.68,5.68,5.43,5.48,4.81,2723625
22/07/1994,5.63,5.65,5.56,5.63,4.94,1763269
25/07/1994,5.6,5.65,5.58,5.63,4.94,1239300
26/07/1994,5.6,5.63,5.58,5.58,4.89,1515713
27/07/1994,5.56,5.58,5.33,5.38,4.72,3631838
28/07/1994,5.33,5.38,5.26,5.28,4.63,2739319
29/07/1994,5.33,5.41,5.33,5.36,4.7,2182444
01/08/1994,5.33,5.41,5.31,5.33,4.68,1649363
02/08/1994,5.33,5.41,5.31,5.36,4.7,1734413
03/08/1994,5.36,5.41,5.26,5.38,4.72,1796175
04/08/1994,5.41,5.53,5.41,5.51,4.83,2149031
05/08/1994,5.48,5.56,5.46,5.51,4.83,957825
08/08/1994,5.56,5.58,5.43,5.43,4.76,1281825
09/08/1994,5.46,5.46,5.41,5.43,4.76,732038
10/08/1994,5.43,5.48,5.41,5.41,4.74,682425
11/08/1994,5.41,5.46,5.33,5.36,4.7,1055025
12/08/1994,5.36,5.43,5.33,5.36,4.7,1160325
15/08/1994,5.41,5.46,5.41,5.46,4.78,806456
16/08/1994,5.48,5.53,5.38,5.46,4.78,1118306
17/08/1994,5.46,5.46,5.33,5.38,4.72,1876669
18/08/1994,5.38,5.41,5.31,5.36,4.7,1722769
19/08/1994,5.38,5.38,5.31,5.33,4.68,1230188
22/08/1994,5.31,5.33,5.11,5.16,4.53,3105844
23/08/1994,5.16,5.23,5.11,5.14,4.5,3833325
24/08/1994,5.16,5.19,5.06,5.14,4.5,4564856
25/08/1994,5.19,5.26,5.14,5.16,4.53,2087775
26/08/1994,5.19,5.28,5.16,5.23,4.59,2248763
29/08/1994,5.26,5.48,5.26,5.31,4.66,1827563
30/08/1994,5.38,5.38,5.26,5.33,4.68,2177888
31/08/1994,5.23,5.31,5.21,5.23,4.59,2453288
01/09/1994,5.26,5.33,5.21,5.31,4.66,3487050
02/09/1994,5.28,5.31,5.14,5.16,4.53,3388838
06/09/1994,5.16,5.19,5.06,5.09,4.46,3946725
07/09/1994,5.11,5.14,5.09,5.14,4.51,1645313
08/09/1994,5.14,5.16,4.91,4.94,4.33,10931456
09/09/1994,4.74,4.84,4.74,4.84,4.25,14978419
12/09/1994,4.79,4.81,4.57,4.59,4.03,6201056
13/09/1994,4.59,4.74,4.59,4.69,4.12,8945438
14/09/1994,4.67,4.67,4.49,4.59,4.03,6488100
15/09/1994,4.59,4.64,4.54,4.59,4.03,3266831
16/09/1994,4.57,4.69,4.54,4.67,4.09,4954669
19/09/1994,4.67,4.74,4.62,4.64,4.07,2302425
20/09/1994,4.62,4.62,4.44,4.49,3.94,5351569
21/09/1994,4.52,4.59,4.47,4.54,3.99,7222669
22/09/1994,4.57,4.72,4.54,4.72,4.14,7078388
23/09/1994,4.72,4.72,4.59,4.64,4.07,2890181
26/09/1994,4.59,4.62,4.4,4.42,3.88,3802444
27/09/1994,4.47,4.52,4.42,4.44,3.9,3216713
28/09/1994,4.44,4.54,4.42,4.54,3.99,3272400
29/09/1994,4.47,4.49,4.27,4.4,3.86,6188906
30/09/1994,4.42,4.62,4.42,4.44,3.9,5811244
03/10/1994,4.47,4.52,4.42,4.52,3.96,2172319
04/10/1994,4.52,4.54,4.42,4.44,3.9,2076131
05/10/1994,4.42,4.44,4.17,4.37,3.83,8132906
06/10/1994,4.4,4.44,4.32,4.32,3.79,2343938
07/10/1994,4.32,4.35,4.15,4.27,3.75,12510450
10/10/1994,4.32,4.42,4.3,4.42,3.88,2598075
11/10/1994,4.49,4.49,4.4,4.42,3.88,3519956
12/10/1994,4.35,4.4,4.3,4.35,3.81,3039525
13/10/1994,4.4,4.44,4.2,4.27,3.75,8029631
14/10/1994,4.25,4.32,4.22,4.27,3.75,3050156
17/10/1994,4.27,4.3,4.12,4.15,3.64,8098481
18/10/1994,4.15,4.27,4.1,4.27,3.75,4357800
19/10/1994,4.27,4.42,4.22,4.42,3.88,6934106
20/10/1994,4.4,4.42,4.27,4.32,3.79,3074963
21/10/1994,4.35,4.37,4.27,4.37,3.83,6983719
24/10/1994,4.35,4.49,4.35,4.42,3.88,5493825
25/10/1994,4.37,4.4,4.3,4.35,3.81,1751119
26/10/1994,4.35,4.4,4.32,4.4,3.86,2980800
27/10/1994,4.4,4.59,4.4,4.57,4.01,8999100
28/10/1994,4.57,4.67,4.49,4.67,4.09,5683669
31/10/1994,4.67,4.69,4.62,4.67,4.09,3355425
01/11/1994,4.64,4.67,4.57,4.67,4.09,2715525
02/11/1994,4.62,4.62,4.52,4.57,4.01,3625763
03/11/1994,4.59,4.62,4.57,4.59,4.03,1464075
04/11/1994,4.57,4.67,4.54,4.57,4.01,3041550
07/11/1994,4.59,4.64,4.57,4.59,4.03,1502044
08/11/1994,4.52,4.54,4.3,4.35,3.81,6620231
09/11/1994,4.37,4.42,4.15,4.2,3.68,6786281
10/11/1994,4.2,4.3,4.15,4.22,3.7,4098600
11/11/1994,4.25,4.32,4.22,4.22,3.7,2104988
14/11/1994,4.22,4.25,4.15,4.25,3.73,3481481
15/11/1994,4.25,4.3,4.25,4.27,3.75,1524825
16/11/1994,4.27,4.4,4.25,4.35,3.81,4589156
17/11/1994,4.35,4.35,4.25,4.3,3.77,1655438
18/11/1994,4.44,4.57,4.3,4.44,3.9,9557494
21/11/1994,4.44,4.47,4.32,4.37,3.83,3021300
22/11/1994,4.3,4.32,4.1,4.12,3.62,3687525
23/11/1994,4.1,4.17,3.98,4.15,3.64,4847850
25/11/1994,4.17,4.25,4.17,4.25,3.73,909225
28/11/1994,4.22,4.25,4.17,4.2,3.68,1309669
29/11/1994,4.17,4.3,4.12,4.3,3.77,2300400
30/11/1994,4.27,4.32,4.17,4.17,3.66,1436231
01/12/1994,4.2,4.2,4.05,4.1,3.6,2173331
02/12/1994,4.07,4.1,4.0,4.0,3.51,3130144
05/12/1994,4.02,4.12,4.02,4.1,3.6,1710113
06/12/1994,4.07,4.07,4.0,4.05,3.55,1417500
07/12/1994,3.98,4.0,3.43,3.46,3.03,4474238
08/12/1994,3.16,3.38,3.06,3.38,2.97,37818394
09/12/1994,3.41,3.43,3.31,3.41,2.99,11783981
12/12/1994,3.41,3.43,3.33,3.33,2.93,6427350
13/12/1994,3.36,3.36,3.19,3.23,2.84,8826975
14/12/1994,3.23,3.28,3.21,3.23,2.84,8717625
15/12/1994,3.26,3.33,3.23,3.26,2.86,13778100
16/12/1994,3.23,3.26,3.16,3.19,2.8,8467031
19/12/1994,3.19,3.21,3.14,3.16,2.77,6623775
20/12/1994,3.14,3.19,3.11,3.11,2.73,5608744
21/12/1994,3.11,3.26,3.11,3.19,2.8,7725881
22/12/1994,3.16,3.26,3.14,3.21,2.82,3575644
23/12/1994,3.23,3.41,3.23,3.31,2.9,6113475
27/12/1994,3.33,3.36,3.28,3.31,2.9,4231238
28/12/1994,3.28,3.31,3.19,3.31,2.9,3141788
29/12/1994,3.31,3.33,3.26,3.26,2.86,2776781
30/12/1994,3.26,3.43,3.23,3.31,2.9,7025738
03/01/1995,3.36,3.51,3.33,3.48,3.06,3972544
04/01/1995,3.48,3.56,3.43,3.56,3.12,4162388
05/01/1995,3.56,3.68,3.48,3.68,3.23,5857819
06/01/1995,3.65,3.68,3.6,3.65,3.21,3635888
09/01/1995,3.65,3.69,3.56,3.6,3.16,3654113
10/01/1995,3.6,3.73,3.58,3.6,3.16,5040225
11/01/1995,3.63,3.65,3.58,3.63,3.19,6842981
12/01/1995,3.65,3.78,3.63,3.75,3.29,3707775
13/01/1995,3.83,3.88,3.78,3.85,3.38,8750531
16/01/1995,3.85,3.93,3.85,3.88,3.4,7438838
17/01/1995,3.88,3.9,3.8,3.88,3.4,4762294
18/01/1995,3.88,3.93,3.85,3.9,3.42,3871294
19/01/1995,3.88,3.95,3.88,3.93,3.45,4352231
20/01/1995,3.78,3.78,3.6,3.68,3.23,9663806
23/01/1995,3.6,3.7,3.6,3.7,3.25,2391019
24/01/1995,3.7,3.7,3.6,3.65,3.21,2339888
25/01/1995,3.68,3.78,3.65,3.7,3.25,2840063
26/01/1995,3.73,3.88,3.56,3.73,3.27,9827325
27/01/1995,3.78,3.85,3.73,3.85,3.38,3491606
30/01/1995,3.88,3.9,3.85,3.88,3.4,3270881
31/01/1995,3.88,3.88,3.78,3.83,3.36,3328088
01/02/1995,3.8,3.83,3.75,3.8,3.34,3283031
02/02/1995,3.8,3.8,3.73,3.75,3.29,1340550
03/02/1995,3.75,3.83,3.73,3.78,3.32,4653956
06/02/1995,3.75,3.78,3.73,3.75,3.29,1894894
07/02/1995,3.73,3.73,3.58,3.58,3.14,4324388
08/02/1995,3.56,3.56,3.36,3.43,3.01,12809644
09/02/1995,3.43,3.56,3.41,3.56,3.12,4549669
10/02/1995,3.56,3.65,3.51,3.63,3.19,9330188
13/02/1995,3.41,3.48,3.36,3.41,2.99,14841225
14/02/1995,3.43,3.51,3.41,3.48,3.06,5574319
15/02/1995,3.51,3.56,3.48,3.53,3.1,3848513
16/02/1995,3.53,3.53,3.43,3.46,3.03,2456831
17/02/1995,3.43,3.43,3.33,3.36,2.95,3989756
21/02/1995,3.36,3.43,3.33,3.43,3.01,3758400
22/02/1995,3.43,3.43,3.38,3.43,3.01,1526850
23/02/1995,3.46,3.53,3.46,3.48,3.06,1911600
24/02/1995,3.51,3.51,3.46,3.51,3.08,2235094
27/02/1995,3.48,3.51,3.43,3.43,3.01,839363
28/02/1995,3.46,3.48,3.41,3.48,3.06,1509638
01/03/1995,3.48,3.53,3.46,3.46,3.04,1950581
02/03/1995,3.48,3.51,3.43,3.51,3.08,1916663
03/03/1995,3.51,3.58,3.48,3.56,3.12,2554031
06/03/1995,3.48,3.51,3.46,3.48,3.06,1511663
07/03/1995,3.48,3.51,3.43,3.43,3.01,2534794
08/03/1995,3.43,3.46,3.38,3.46,3.04,1258538
09/03/1995,3.43,3.46,3.36,3.36,2.95,1683281
10/03/1995,3.36,3.38,3.31,3.31,2.91,4378050
13/03/1995,3.33,3.43,3.28,3.43,3.01,2363175
14/03/1995,3.46,3.48,3.38,3.38,2.97,2506950
15/03/1995,3.38,3.41,3.36,3.38,2.97,1176019
16/03/1995,3.36,3.36,3.23,3.28,2.88,4954163
17/03/1995,3.33,3.36,3.28,3.33,2.93,3259744
20/03/1995,3.31,3.41,3.28,3.38,2.97,3502744
21/03/1995,3.38,3.48,3.38,3.38,2.97,3330113
22/03/1995,3.38,3.41,3.36,3.38,2.97,2180419
23/03/1995,3.38,3.41,3.36,3.41,2.99,1371431
24/03/1995,3.41,3.43,3.38,3.41,2.99,1711125
27/03/1995,3.38,3.56,3.38,3.56,3.12,5041744
28/03/1995,3.56,3.58,3.53,3.58,3.14,2951438
29/03/1995,3.6,3.6,3.53,3.56,3.12,2828925
30/03/1995,3.53,3.6,3.48,3.56,3.12,2702869
31/03/1995,3.53,3.58,3.48,3.53,3.1,1860469
03/04/1995,3.53,3.56,3.48,3.48,3.06,996806
04/04/1995,3.48,3.6,3.48,3.56,3.12,3311381
05/04/1995,3.53,3.65,3.53,3.63,3.19,3051675
06/04/1995,3.6,3.65,3.58,3.65,3.21,1872619
07/04/1995,3.6,3.7,3.53,3.65,3.21,2872969
10/04/1995,3.65,3.68,3.63,3.68,3.23,2366719
11/04/1995,3.68,3.73,3.68,3.68,3.23,2263444
12/04/1995,3.65,3.7,3.65,3.68,3.23,2197125
13/04/1995,3.7,3.73,3.65,3.68,3.23,1794656
17/04/1995,3.73,3.85,3.7,3.8,3.34,5832506
18/04/1995,3.83,3.85,3.78,3.8,3.34,2982319
19/04/1995,3.8,3.83,3.7,3.75,3.3,3088631
20/04/1995,3.75,3.75,3.7,3.73,3.27,1932863
21/04/1995,3.78,4.25,3.68,4.25,3.73,18000731
24/04/1995,4.2,4.37,4.15,4.35,3.82,9431944
25/04/1995,4.35,4.64,4.32,4.62,4.05,9020869
26/04/1995,4.59,4.62,4.47,4.52,3.97,5328281
27/04/1995,4.47,4.47,4.4,4.44,3.9,3343781
28/04/1995,4.44,4.57,4.4,4.57,4.01,3966469
01/05/1995,4.54,4.57,4.52,4.52,3.97,3342769
02/05/1995,4.47,4.57,4.42,4.42,3.88,2968144
03/05/1995,4.44,4.57,4.42,4.54,3.99,3382256
04/05/1995,4.52,4.57,4.47,4.47,3.92,2636550
05/05/1995,4.49,4.49,4.22,4.32,3.79,4919231
08/05/1995,4.27,4.35,4.25,4.35,3.82,2072588
09/05/1995,4.4,4.42,4.3,4.35,3.82,1565831
10/05/1995,4.32,4.35,4.27,4.32,3.79,1010981
11/05/1995,4.3,4.42,4.27,4.42,3.88,1773900
12/05/1995,4.42,4.42,4.32,4.35,3.82,5175394
15/05/1995,4.35,4.37,4.32,4.32,3.79,1905525
16/05/1995,4.35,4.44,4.3,4.32,3.79,4544100
17/05/1995,4.32,4.32,4.12,4.15,3.64,5483700
18/05/1995,4.2,4.42,4.07,4.3,3.77,12985313
19/05/1995,4.3,4.32,4.17,4.27,3.75,3637913
22/05/1995,4.25,4.35,4.25,4.32,3.79,8245294
23/05/1995,4.35,4.44,4.35,4.42,3.88,2850188
24/05/1995,4.47,4.49,4.32,4.37,3.84,3964950
25/05/1995,4.35,4.35,4.22,4.25,3.73,1998675
26/05/1995,4.2,4.27,4.2,4.27,3.75,2309006
30/05/1995,4.25,4.27,4.17,4.22,3.71,1665056
31/05/1995,4.22,4.37,4.22,4.37,3.84,3521475
01/06/1995,4.35,4.37,4.3,4.35,3.82,1898438
02/06/1995,4.3,4.32,4.22,4.3,3.77,1399275
05/06/1995,4.35,4.35,4.25,4.32,3.8,1914131
06/06/1995,4.32,4.4,4.3,4.35,3.82,2460375
07/06/1995,4.4,4.62,4.4,4.59,4.03,9646594
08/06/1995,4.62,4.62,4.49,4.52,3.97,3716381
09/06/1995,4.47,4.59,4.44,4.54,3.99,4842788
12/06/1995,4.54,4.67,4.52,4.67,4.1,3981150
13/06/1995,4.67,4.81,4.67,4.81,4.23,7401375
14/06/1995,4.81,4.89,4.77,4.86,4.27,6056269
15/06/1995,4.84,5.09,4.84,4.94,4.34,9454219
16/06/1995,4.99,4.99,4.81,4.81,4.23,4143150
19/06/1995,4.81,4.91,4.81,4.86,4.27,2473031
20/06/1995,4.84,4.86,4.77,4.84,4.25,1759725
21/06/1995,4.81,4.89,4.79,4.84,4.25,2595544
22/06/1995,4.84,5.04,4.84,5.01,4.4,5450288
23/06/1995,4.96,5.01,4.89,4.94,4.34,3315938
26/06/1995,4.94,4.94,4.77,4.79,4.21,1878694
27/06/1995,4.74,4.77,4.62,4.67,4.1,2300400
28/06/1995,4.67,4.67,4.49,4.64,4.08,3910781
29/06/1995,4.64,4.69,4.62,4.62,4.06,2314575
30/06/1995,4.62,4.72,4.62,4.72,4.14,1796175
03/07/1995,4.69,4.77,4.67,4.74,4.16,617625
05/07/1995,4.69,4.81,4.69,4.74,4.16,2340900
06/07/1995,4.77,4.91,4.74,4.91,4.32,2871956
07/07/1995,4.89,5.11,4.86,5.06,4.45,7505156
10/07/1995,5.11,5.33,5.09,5.23,4.6,9501806
11/07/1995,5.23,5.26,5.06,5.11,4.49,6715406
12/07/1995,5.11,5.11,5.01,5.09,4.47,2162700
13/07/1995,5.14,5.28,5.14,5.23,4.6,4732931
14/07/1995,5.23,5.23,5.16,5.21,4.58,2360138
17/07/1995,5.23,5.33,5.21,5.23,4.6,5001750
18/07/1995,5.28,5.28,5.21,5.26,4.62,3561469
19/07/1995,5.23,5.31,4.94,5.11,4.49,6383306
20/07/1995,5.14,5.28,5.14,5.19,4.56,4194788
21/07/1995,5.23,5.31,5.14,5.19,4.56,3658669
24/07/1995,5.33,5.43,5.23,5.41,4.75,8342494
25/07/1995,5.41,5.63,5.41,5.6,4.92,10317881
26/07/1995,5.63,5.63,5.56,5.58,4.9,5712019
27/07/1995,5.56,5.88,5.56,5.85,5.14,9611156
28/07/1995,5.83,5.9,5.58,5.58,4.9,5146031
31/07/1995,5.58,5.68,5.58,5.68,4.99,1851356
01/08/1995,5.65,5.68,5.6,5.68,4.99,3417694
02/08/1995,5.68,5.73,5.33,5.51,4.84,6990806
03/08/1995,5.51,5.73,5.43,5.53,4.86,7326450
04/08/1995,5.51,5.68,5.48,5.65,4.97,4007981
07/08/1995,5.63,5.68,5.6,5.63,4.95,2782856
08/08/1995,5.63,5.68,5.58,5.6,4.92,3828263
09/08/1995,5.63,5.63,5.51,5.58,4.9,3034463
10/08/1995,5.58,5.6,5.41,5.43,4.77,2166750
11/08/1995,5.46,5.46,5.28,5.31,4.66,2172825
14/08/1995,5.28,5.36,5.28,5.33,4.69,1775925
15/08/1995,5.33,5.41,5.28,5.41,4.75,1348650
16/08/1995,5.36,5.51,5.33,5.43,4.77,3641456
17/08/1995,5.48,5.73,5.43,5.68,4.99,4070756
18/08/1995,5.7,5.7,5.51,5.51,4.84,3276450
21/08/1995,5.48,5.6,5.48,5.53,4.86,2056388
22/08/1995,5.53,5.56,5.48,5.51,4.84,1794150
23/08/1995,5.53,5.53,5.33,5.38,4.73,4212506
24/08/1995,5.36,5.41,5.33,5.41,4.75,4393744
25/08/1995,5.36,5.43,5.33,5.38,4.73,874294
28/08/1995,5.36,5.36,5.26,5.26,4.62,1647338
29/08/1995,5.21,5.21,5.09,5.16,4.53,3638419
30/08/1995,5.16,5.19,4.99,5.01,4.4,7233806
31/08/1995,5.04,5.14,5.01,5.11,4.49,5421431
01/09/1995,5.09,5.11,5.06,5.06,4.45,1286888
05/09/1995,5.11,5.36,5.09,5.28,4.64,2185481
06/09/1995,5.23,5.46,5.23,5.36,4.71,2244713
07/09/1995,5.38,5.41,5.31,5.33,4.69,1149188
08/09/1995,5.36,5.38,5.19,5.26,4.62,2153588
11/09/1995,5.26,5.26,5.04,5.09,4.47,4038356
12/09/1995,5.09,5.11,5.04,5.06,4.45,2676038
13/09/1995,5.06,5.28,5.04,5.06,4.45,3253163
14/09/1995,5.06,5.14,5.04,5.14,4.51,2326725
15/09/1995,5.11,5.11,5.06,5.06,4.45,3412631
18/09/1995,5.09,5.19,5.04,5.16,4.54,7103194
19/09/1995,5.19,5.21,5.11,5.16,4.54,5269556
20/09/1995,5.19,5.33,5.19,5.26,4.62,5657344
21/09/1995,5.23,5.3,5.16,5.19,4.56,2626931
22/09/1995,5.14,5.14,5.04,5.11,4.49,1643288
25/09/1995,5.11,5.14,5.06,5.09,4.47,1274231
26/09/1995,5.11,5.11,4.91,4.94,4.34,2650725
27/09/1995,4.91,4.91,4.74,4.81,4.23,5041744
28/09/1995,4.86,5.04,4.81,5.04,4.43,3277969
29/09/1995,5.06,5.14,4.96,4.96,4.36,1861481
02/10/1995,4.99,5.01,4.77,4.79,4.21,2592000
03/10/1995,4.81,4.89,4.64,4.67,4.1,3552356
04/10/1995,4.69,4.69,4.54,4.62,4.06,5654306
05/10/1995,4.64,4.74,4.62,4.67,4.1,1297013
06/10/1995,4.69,4.69,4.59,4.64,4.08,2844619
09/10/1995,4.64,4.67,4.47,4.52,3.97,1475213
10/10/1995,4.44,4.52,4.4,4.49,3.95,2717044
11/10/1995,4.47,4.54,4.47,4.52,3.97,3432881
12/10/1995,4.52,4.54,4.49,4.49,3.95,1439775
13/10/1995,4.57,4.72,4.57,4.69,4.12,2015381
16/10/1995,4.69,4.72,4.67,4.67,4.1,1971338
17/10/1995,4.67,4.79,4.64,4.64,4.08,1683281
18/10/1995,4.64,4.69,4.59,4.64,4.08,2503406
19/10/1995,4.67,4.69,4.0,4.05,3.56,8283263
20/10/1995,4.05,4.3,4.05,4.17,3.67,9232481
23/10/1995,4.15,4.17,4.07,4.1,3.6,3493125
24/10/1995,4.15,4.22,4.12,4.15,3.65,5600644
25/10/1995,4.15,4.17,4.07,4.1,3.6,3792319
26/10/1995,4.12,4.17,4.05,4.07,3.58,3158494
27/10/1995,4.05,4.05,3.9,3.98,3.49,4046963
30/10/1995,4.0,4.02,3.95,3.98,3.49,3037500
31/10/1995,4.0,4.07,3.95,3.95,3.47,5910469
01/11/1995,3.95,4.02,3.95,3.98,3.49,2651231
02/11/1995,3.98,4.27,3.98,4.25,3.73,5223994
03/11/1995,4.25,4.3,4.12,4.3,3.78,2631994
06/11/1995,4.3,4.47,4.3,4.4,3.86,3857119
07/11/1995,4.4,4.4,4.27,4.35,3.82,2006775
08/11/1995,4.37,4.52,4.37,4.49,3.95,2188519
09/11/1995,4.49,4.57,4.49,4.57,4.01,2433038
10/11/1995,4.57,4.62,4.54,4.59,4.04,1442813
13/11/1995,4.57,4.62,4.52,4.52,3.97,1423575
14/11/1995,4.49,4.62,4.47,4.59,4.04,2182444
15/11/1995,4.79,4.86,4.74,4.81,4.23,4524356
16/11/1995,4.81,4.94,4.79,4.91,4.32,2485181
17/11/1995,4.91,4.94,4.81,4.91,4.32,2930681
20/11/1995,4.91,4.96,4.91,4.96,4.36,1986525
21/11/1995,4.96,4.96,4.81,4.84,4.25,2299388
22/11/1995,4.84,5.04,4.84,5.04,4.43,2655281
24/11/1995,5.04,5.09,5.04,5.06,4.45,519919
27/11/1995,5.04,5.06,4.91,4.96,4.36,1995638
28/11/1995,4.94,5.01,4.91,4.94,4.34,2539350
29/11/1995,4.96,4.96,4.79,4.91,4.32,2412788
30/11/1995,4.91,4.99,4.81,4.94,4.34,3003075
01/12/1995,4.96,4.99,4.86,4.91,4.32,1712644
04/12/1995,4.86,4.96,4.81,4.94,4.34,2524669
05/12/1995,4.91,5.11,4.89,5.09,4.47,3901669
06/12/1995,5.11,5.16,5.06,5.11,4.49,3758400
07/12/1995,5.09,5.09,4.89,4.96,4.36,2819813
08/12/1995,4.94,4.94,4.84,4.89,4.3,866194
11/12/1995,4.89,5.01,4.86,4.96,4.36,1616963
12/12/1995,4.91,4.96,4.89,4.94,4.34,2138906
13/12/1995,4.94,4.99,4.91,4.94,4.34,2126250
14/12/1995,4.94,4.94,4.79,4.81,4.23,1814906
15/12/1995,4.84,4.84,4.69,4.72,4.15,4069744
18/12/1995,4.69,4.69,4.57,4.62,4.06,1893375
19/12/1995,4.62,4.72,4.59,4.69,4.12,3081544
20/12/1995,4.72,4.94,4.72,4.89,4.3,5684175
21/12/1995,4.84,4.89,4.72,4.72,4.15,2937263
22/12/1995,4.72,4.74,4.67,4.67,4.1,1556719
26/12/1995,4.67,4.67,4.52,4.54,3.99,1658981
27/12/1995,4.52,4.52,4.37,4.37,3.84,3192919
28/12/1995,4.4,4.49,4.37,4.49,3.95,2552006
29/12/1995,4.49,4.62,4.49,4.54,3.99,1939950
02/01/1996,4.54,4.69,4.54,4.64,4.08,2188013
03/01/1996,4.67,4.74,4.62,4.67,4.1,2156625
04/01/1996,4.67,4.67,4.49,4.49,3.95,3281006
05/01/1996,4.47,4.49,4.4,4.49,3.95,3015225
08/01/1996,4.57,4.67,4.54,4.64,4.08,1392188
09/01/1996,4.69,4.72,4.59,4.59,4.04,2802600
10/01/1996,4.49,4.57,4.37,4.4,3.86,2921569
11/01/1996,4.4,4.59,4.4,4.57,4.02,2781338
12/01/1996,4.59,4.67,4.57,4.64,4.08,2266988
15/01/1996,4.62,4.62,4.57,4.59,4.04,2037150
16/01/1996,4.57,4.72,4.54,4.69,4.12,2995988
17/01/1996,4.62,4.69,4.54,4.59,4.04,3758400
18/01/1996,4.59,4.59,4.44,4.57,4.02,2596050
19/01/1996,4.54,4.57,4.47,4.52,3.97,2414813
22/01/1996,4.49,4.59,4.49,4.59,4.04,2555550
23/01/1996,4.57,4.79,4.54,4.62,4.06,2392538
24/01/1996,4.67,4.74,4.52,4.52,3.97,11198250
25/01/1996,4.74,5.11,4.72,4.94,4.34,13627238
26/01/1996,4.94,5.04,4.91,4.99,4.39,2782856
29/01/1996,4.99,5.04,4.94,4.99,4.39,3736631
30/01/1996,4.99,5.09,4.96,5.06,4.45,3069900
31/01/1996,5.06,5.19,5.01,5.19,4.56,6481519
01/02/1996,5.19,5.19,5.01,5.04,4.43,2671481
02/02/1996,5.06,5.14,5.04,5.11,4.49,3047119
05/02/1996,5.09,5.23,5.09,5.19,4.56,2462906
06/02/1996,5.16,5.51,5.16,5.46,4.8,6352931
07/02/1996,5.51,5.51,5.38,5.41,4.75,4584094
08/02/1996,5.41,5.56,5.38,5.48,4.82,4817981
09/02/1996,5.48,5.56,5.41,5.43,4.78,6952331
12/02/1996,5.46,5.48,5.33,5.48,4.82,3148875
13/02/1996,5.41,5.56,5.41,5.48,4.82,3854081
14/02/1996,5.51,5.68,5.51,5.65,4.97,7618556
15/02/1996,5.68,5.68,5.6,5.6,4.93,4379569
16/02/1996,5.68,5.7,5.6,5.65,4.97,3812569
20/02/1996,5.58,5.75,5.58,5.75,5.06,5052375
21/02/1996,5.7,5.85,5.65,5.85,5.14,4749131
22/02/1996,5.88,5.93,5.85,5.93,5.21,7371000
23/02/1996,5.98,6.27,5.95,6.0,5.28,11702475
26/02/1996,5.98,6.3,5.95,6.25,5.49,9428400
27/02/1996,6.25,6.26,5.85,6.07,5.34,7854469
28/02/1996,6.2,6.2,6.0,6.02,5.3,4236806
29/02/1996,6.0,6.17,5.98,6.07,5.34,4368431
01/03/1996,6.1,6.12,6.0,6.12,5.39,2630981
04/03/1996,6.2,6.52,6.17,6.3,5.54,8337938
05/03/1996,6.27,6.27,6.12,6.2,5.45,2566688
06/03/1996,6.22,6.27,6.1,6.12,5.39,3060281
07/03/1996,6.15,6.17,6.07,6.12,5.39,1972856
08/03/1996,5.95,5.95,5.73,5.83,5.12,3886988
11/03/1996,5.65,6.3,5.63,6.25,5.49,4991119
12/03/1996,6.12,6.2,5.95,6.12,5.39,5062500
13/03/1996,6.17,6.22,6.07,6.2,5.45,3601969
14/03/1996,6.25,6.32,6.2,6.32,5.56,4150744
15/03/1996,6.3,6.32,6.12,6.15,5.41,1956150
18/03/1996,6.17,6.25,6.1,6.17,5.43,2679581
19/03/1996,6.27,6.3,6.02,6.05,5.32,4819500
20/03/1996,6.07,6.1,6.02,6.05,5.32,2562131
21/03/1996,6.07,6.12,6.02,6.05,5.32,2081700
22/03/1996,6.05,6.05,5.9,5.95,5.23,1568363
25/03/1996,5.98,6.05,5.85,5.93,5.21,2533275
26/03/1996,5.9,5.95,5.88,5.9,5.19,2339888
27/03/1996,5.93,5.93,5.73,5.8,5.1,2095875
28/03/1996,5.73,5.9,5.7,5.83,5.12,2160169
29/03/1996,5.83,5.95,5.78,5.88,5.17,3013706
01/04/1996,5.83,5.85,5.78,5.85,5.15,1513181
02/04/1996,5.83,5.88,5.75,5.85,5.15,1967288
03/04/1996,5.8,6.02,5.78,6.0,5.28,2628450
04/04/1996,6.05,6.2,6.05,6.12,5.39,4754700
08/04/1996,6.0,6.02,5.93,5.98,5.26,3175200
09/04/1996,5.95,6.0,5.93,5.98,5.26,1488375
10/04/1996,5.93,6.1,5.9,5.93,5.21,1478756
11/04/1996,5.93,5.95,5.65,5.75,5.06,3493631
12/04/1996,5.75,5.8,5.68,5.75,5.06,1836675
15/04/1996,5.8,6.15,5.78,6.12,5.39,3172669
16/04/1996,6.1,6.1,5.95,6.02,5.3,1695938
17/04/1996,6.42,6.47,6.2,6.27,5.52,9360563
18/04/1996,6.27,6.35,6.25,6.27,5.52,4716225
19/04/1996,6.32,6.4,6.3,6.32,5.56,4161375
22/04/1996,6.37,6.57,6.37,6.49,5.71,5355619
23/04/1996,5.95,6.2,5.93,6.07,5.34,8376919
24/04/1996,6.12,6.17,5.98,6.02,5.3,5482688
25/04/1996,5.98,6.0,5.8,5.83,5.12,5984888
26/04/1996,5.83,5.83,5.63,5.73,5.04,10690988
29/04/1996,5.73,5.85,5.7,5.83,5.12,3063319
30/04/1996,5.85,5.93,5.83,5.88,5.17,1659994
01/05/1996,5.88,5.9,5.75,5.88,5.17,1447875
02/05/1996,5.83,5.85,5.78,5.85,5.15,3170138
03/05/1996,5.85,5.85,5.58,5.63,4.95,5165269
06/05/1996,5.68,5.7,5.36,5.43,4.78,5717081
07/05/1996,5.48,5.48,5.21,5.28,4.65,10064756
08/05/1996,5.23,5.23,5.09,5.23,4.6,5423456
09/05/1996,5.26,5.43,5.23,5.38,4.73,5780363
10/05/1996,5.43,5.53,5.33,5.51,4.84,3165581
13/05/1996,5.51,5.85,5.51,5.83,5.12,5818331
14/05/1996,5.85,5.93,5.8,5.83,5.12,3319988
15/05/1996,5.83,5.95,5.78,5.8,5.1,3474900
16/05/1996,5.73,6.0,5.73,5.95,5.23,3286575
17/05/1996,5.98,6.05,5.95,6.0,5.28,2643131
20/05/1996,6.02,6.05,5.9,5.9,5.19,2426456
21/05/1996,5.93,6.0,5.88,5.95,5.23,3233419
22/05/1996,5.95,5.98,5.83,5.88,5.17,2123719
23/05/1996,5.88,5.93,5.7,5.78,5.08,2653256
24/05/1996,5.78,5.78,5.58,5.63,4.95,1914131
28/05/1996,5.63,5.65,5.53,5.53,4.86,2642119
29/05/1996,5.56,5.7,5.53,5.63,4.95,7779038
30/05/1996,5.63,5.63,5.38,5.51,4.84,5101988
31/05/1996,5.48,5.48,5.41,5.41,4.76,3194944
03/06/1996,5.43,5.53,5.33,5.43,4.78,6355969
04/06/1996,5.46,5.48,5.43,5.43,4.78,2918025
05/06/1996,5.46,5.6,5.46,5.6,4.93,2932706
06/06/1996,5.51,5.9,5.51,5.8,5.11,8224538
07/06/1996,5.65,5.78,5.63,5.7,5.02,3433388
10/06/1996,5.75,5.75,5.65,5.68,5.0,2398106
11/06/1996,5.75,5.8,5.73,5.78,5.08,3754856
12/06/1996,5.78,5.78,5.63,5.68,5.0,1308656
13/06/1996,5.73,5.73,5.6,5.63,4.95,1779469
14/06/1996,5.63,5.65,5.6,5.6,4.93,1257019
17/06/1996,5.63,5.63,5.46,5.46,4.8,1463569
18/06/1996,5.6,5.85,5.6,5.65,4.97,6075000
19/06/1996,5.65,5.68,5.36,5.41,4.76,3741188
20/06/1996,5.48,5.51,5.33,5.41,4.76,4086450
21/06/1996,5.41,5.58,5.41,5.58,4.91,3901669
24/06/1996,5.58,5.7,5.58,5.65,4.97,2465944
25/06/1996,5.7,5.83,5.68,5.75,5.06,6304331
26/06/1996,5.75,5.8,5.6,5.6,4.93,1983488
27/06/1996,5.58,5.6,5.31,5.41,4.76,6011719
28/06/1996,5.63,5.75,5.63,5.75,5.06,3770044
01/07/1996,5.73,5.73,5.58,5.63,4.95,1387631
02/07/1996,5.63,5.63,5.51,5.56,4.89,2534794
03/07/1996,5.53,5.58,5.51,5.56,4.89,1491919
05/07/1996,5.48,5.51,5.41,5.46,4.8,967950
08/07/1996,5.43,5.43,5.31,5.33,4.69,2825888
09/07/1996,5.41,5.53,5.36,5.53,4.87,1728844
10/07/1996,5.51,5.51,5.26,5.31,4.67,2448225
11/07/1996,5.33,5.33,5.04,5.14,4.52,4046456
12/07/1996,5.14,5.21,5.11,5.16,4.54,2672494
15/07/1996,5.11,5.14,4.84,4.94,4.34,4921256
16/07/1996,4.94,4.96,4.42,4.56,4.02,5185519
17/07/1996,4.94,5.33,4.79,4.81,4.24,7073831
18/07/1996,4.79,4.91,4.69,4.89,4.3,3281513
19/07/1996,4.94,4.94,4.69,4.79,4.21,2715525
22/07/1996,4.77,4.77,4.57,4.69,4.13,4139606
23/07/1996,4.74,5.04,4.72,4.86,4.28,5022000
24/07/1996,4.72,4.81,4.64,4.77,4.19,3285056
25/07/1996,4.84,4.89,4.59,4.62,4.06,3510338
26/07/1996,4.67,4.72,4.62,4.67,4.11,5238169
29/07/1996,4.67,4.67,4.54,4.57,4.02,2864869
30/07/1996,4.57,4.59,4.52,4.57,4.02,2364694
31/07/1996,4.57,4.96,4.57,4.89,4.3,3933563
01/08/1996,4.91,4.99,4.67,4.94,4.34,6244594
02/08/1996,5.04,5.04,4.81,5.01,4.41,3151913
05/08/1996,4.99,5.01,4.79,4.99,4.39,1394719
06/08/1996,4.96,4.96,4.79,4.86,4.28,1855913
07/08/1996,4.91,4.99,4.89,4.94,4.34,1715175
08/08/1996,4.94,5.14,4.94,5.14,4.52,2936250
09/08/1996,5.09,5.09,5.01,5.06,4.45,1152225
12/08/1996,5.06,5.06,4.96,4.99,4.39,1129950
13/08/1996,4.99,4.99,4.91,4.91,4.32,669263
14/08/1996,4.91,4.94,4.81,4.81,4.24,1547606
15/08/1996,4.84,4.84,4.72,4.72,4.15,1701000
16/08/1996,4.74,4.79,4.64,4.69,4.13,3336694
19/08/1996,4.64,4.86,4.62,4.74,4.17,2824875
20/08/1996,4.74,4.77,4.67,4.77,4.19,2625919
21/08/1996,4.77,4.86,4.74,4.86,4.28,1495463
22/08/1996,4.84,4.86,4.79,4.86,4.28,1480275
23/08/1996,4.84,4.84,4.77,4.84,4.26,1278788
26/08/1996,4.84,4.84,4.69,4.72,4.15,2124225
27/08/1996,4.69,4.69,4.59,4.67,4.11,10298644
28/08/1996,4.54,4.57,4.47,4.52,3.98,7150781
29/08/1996,4.54,4.62,4.49,4.49,3.95,3957356
30/08/1996,4.49,4.54,4.42,4.49,3.96,4273256
03/09/1996,4.44,4.47,4.38,4.44,3.91,3778650
04/09/1996,4.47,4.49,4.35,4.4,3.87,3617156
05/09/1996,4.4,4.4,4.22,4.25,3.74,6664275
06/09/1996,4.27,4.54,4.27,4.49,3.96,8649281
09/09/1996,4.52,4.59,4.44,4.57,4.02,5180963
10/09/1996,4.54,4.64,4.52,4.52,3.98,4557769
11/09/1996,4.44,4.62,4.35,4.44,3.91,4632694
12/09/1996,4.44,4.49,4.4,4.44,3.91,4474744
13/09/1996,4.44,4.57,4.4,4.49,3.96,7382644
16/09/1996,4.49,4.64,4.49,4.54,4.0,4974413
17/09/1996,4.54,4.57,4.44,4.49,3.96,3069900
18/09/1996,4.49,4.52,4.44,4.44,3.91,5560650
19/09/1996,4.44,4.52,4.4,4.52,3.98,2682619
20/09/1996,4.52,4.62,4.49,4.57,4.02,3991275
23/09/1996,4.57,4.59,4.49,4.54,4.0,2613769
24/09/1996,4.54,4.62,4.44,4.52,3.98,2923594
25/09/1996,4.54,4.57,4.49,4.54,4.0,2638575
26/09/1996,4.57,4.62,4.44,4.44,3.91,3131663
27/09/1996,4.44,4.52,4.44,4.49,3.96,2193581
30/09/1996,4.49,4.59,4.47,4.52,3.98,3071419
01/10/1996,4.52,4.62,4.52,4.57,4.02,2128781
02/10/1996,4.59,4.62,4.44,4.52,3.98,2460881
03/10/1996,4.54,4.59,4.44,4.49,3.96,2142956
04/10/1996,4.52,4.62,4.47,4.57,4.02,3446044
07/10/1996,4.62,4.62,4.47,4.49,3.96,4227188
08/10/1996,4.49,4.49,4.42,4.47,3.93,9100350
09/10/1996,4.44,4.47,4.4,4.42,3.89,5949450
10/10/1996,4.37,4.54,4.35,4.44,3.91,6223331
11/10/1996,4.47,4.52,4.44,4.49,3.96,4115813
14/10/1996,4.52,4.54,4.42,4.42,3.89,5970713
15/10/1996,4.42,4.44,4.32,4.35,3.83,9114019
16/10/1996,4.35,4.4,4.32,4.4,3.87,2334319
17/10/1996,4.4,4.42,4.3,4.3,3.78,2328750
18/10/1996,4.35,4.4,4.12,4.17,3.67,7572994
21/10/1996,4.2,4.22,4.07,4.07,3.59,7881300
22/10/1996,4.1,4.17,4.1,4.12,3.63,7620075
23/10/1996,4.22,4.3,4.2,4.3,3.78,6576188
24/10/1996,4.32,4.42,4.32,4.37,3.85,8399194
25/10/1996,4.4,4.44,4.35,4.42,3.89,5525719
28/10/1996,4.4,4.42,4.27,4.32,3.8,4617000
29/10/1996,4.32,4.37,4.32,4.32,3.8,3198488
30/10/1996,4.32,4.35,4.3,4.3,3.78,2280656
31/10/1996,4.32,4.47,4.3,4.44,3.91,3729038
01/11/1996,4.47,4.62,4.47,4.62,4.06,8182013
04/11/1996,4.62,4.64,4.54,4.62,4.06,2869931
05/11/1996,4.59,4.62,4.54,4.59,4.04,3687019
06/11/1996,4.62,4.69,4.62,4.69,4.13,5796563
07/11/1996,4.67,4.69,4.57,4.57,4.02,6234975
08/11/1996,4.59,4.59,4.52,4.52,3.98,5434594
11/11/1996,4.54,4.69,4.49,4.69,4.13,3156975
12/11/1996,4.64,4.79,4.64,4.74,4.17,7863581
13/11/1996,4.79,4.81,4.69,4.79,4.22,4717744
14/11/1996,4.77,4.89,4.77,4.81,4.24,3198994
15/11/1996,4.84,4.84,4.69,4.72,4.15,2245219
18/11/1996,4.77,4.86,4.74,4.86,4.28,4004438
19/11/1996,4.86,4.91,4.81,4.91,4.32,3775106
20/11/1996,4.91,5.14,4.89,5.09,4.48,5462944
21/11/1996,5.11,5.11,4.91,4.94,4.35,2694769
22/11/1996,4.96,5.04,4.96,4.99,4.39,1470656
25/11/1996,4.94,5.14,4.94,5.06,4.46,4830638
26/11/1996,5.09,5.11,4.81,4.86,4.28,3393900
27/11/1996,4.89,4.91,4.84,4.86,4.28,2251294
29/11/1996,4.89,4.96,4.86,4.91,4.32,585731
02/12/1996,4.89,5.04,4.84,5.04,4.43,2910431
03/12/1996,5.06,5.06,4.99,5.06,4.46,2258381
04/12/1996,5.01,5.04,4.96,5.01,4.41,2336344
05/12/1996,5.04,5.06,5.01,5.04,4.43,1939444
06/12/1996,4.89,4.91,4.84,4.89,4.3,2446200
09/12/1996,4.72,4.79,4.62,4.79,4.22,7159894
10/12/1996,4.72,4.81,4.57,4.57,4.02,9743288
11/12/1996,4.44,4.49,4.44,4.47,3.94,5703919
12/12/1996,4.49,4.52,4.42,4.42,3.89,3585769
13/12/1996,4.44,4.52,4.4,4.49,3.96,3418706
16/12/1996,4.52,4.57,4.44,4.44,3.91,3947738
17/12/1996,4.4,4.49,4.4,4.47,3.94,3086606
18/12/1996,4.47,4.49,4.4,4.4,3.87,4602825
19/12/1996,4.4,4.42,4.32,4.32,3.8,4406906
20/12/1996,4.44,4.44,4.33,4.42,3.89,3881925
23/12/1996,4.42,4.47,4.35,4.37,3.85,2151056
24/12/1996,4.4,4.44,4.4,4.42,3.89,1395225
26/12/1996,4.42,4.52,4.4,4.47,3.94,3659175
27/12/1996,4.47,4.54,4.44,4.49,3.96,2520113
30/12/1996,4.52,4.54,4.4,4.42,3.89,3193931
31/12/1996,4.42,4.44,4.35,4.35,3.83,2302425
02/01/1997,4.42,4.42,4.25,4.35,3.83,2481638
03/01/1997,4.42,4.42,4.35,4.35,3.83,1479769
06/01/1997,4.4,4.44,4.35,4.35,3.83,2625919
07/01/1997,4.35,4.47,4.32,4.44,3.91,2566688
08/01/1997,4.49,4.54,4.47,4.49,3.96,2657813
09/01/1997,4.49,4.59,4.47,4.49,3.96,2625413
10/01/1997,4.44,4.47,4.3,4.35,3.83,3597413
13/01/1997,4.35,4.4,4.3,4.32,3.8,2327231
14/01/1997,4.35,4.4,4.35,4.37,3.85,2820825
15/01/1997,4.35,4.37,4.3,4.32,3.8,4118850
16/01/1997,4.32,4.37,4.3,4.35,3.83,4580550
17/01/1997,4.37,4.4,4.27,4.27,3.76,3695119
20/01/1997,4.3,4.3,4.2,4.2,3.7,4370456
21/01/1997,4.2,4.3,4.2,4.27,3.76,4217569
22/01/1997,4.27,4.42,4.2,4.25,3.74,4143656
23/01/1997,4.27,4.42,4.25,4.27,3.76,7573500
24/01/1997,4.3,4.35,4.25,4.35,3.83,3717900
27/01/1997,4.32,4.37,4.3,4.32,3.8,3206588
28/01/1997,4.37,4.49,4.35,4.4,3.87,4269206
29/01/1997,4.4,4.49,4.4,4.49,3.96,4884300
30/01/1997,4.49,4.49,4.37,4.4,3.87,2904863
31/01/1997,4.42,4.44,4.32,4.35,3.83,2262431
03/02/1997,4.35,4.44,4.35,4.42,3.89,1693913
04/02/1997,4.42,4.44,4.37,4.44,3.91,1369913
05/02/1997,4.44,4.44,4.27,4.27,3.76,3768525
06/02/1997,4.3,4.4,4.3,4.4,3.87,1799213
07/02/1997,4.42,4.47,4.3,4.35,3.83,2924100
10/02/1997,4.4,4.44,4.35,4.35,3.83,2503913
11/02/1997,4.44,4.54,4.44,4.49,3.96,6186881
12/02/1997,4.57,4.74,4.54,4.72,4.15,6183844
13/02/1997,4.77,4.84,4.74,4.77,4.2,4709644
14/02/1997,4.74,4.77,4.69,4.72,4.15,2190038
18/02/1997,4.69,4.69,4.52,4.54,4.0,3744225
19/02/1997,4.57,4.69,4.57,4.67,4.11,3489581
20/02/1997,4.69,4.69,4.62,4.67,4.11,2316094
21/02/1997,4.67,4.69,4.64,4.69,4.13,2365200
24/02/1997,4.74,4.86,4.74,4.84,4.26,3422250
25/02/1997,4.84,4.94,4.84,4.91,4.33,4152263
26/02/1997,4.91,4.91,4.72,4.72,4.15,2773238
27/02/1997,4.72,4.77,4.67,4.69,4.13,1723781
28/02/1997,4.64,4.69,4.62,4.64,4.09,1521788
03/03/1997,4.62,4.74,4.59,4.69,4.13,1217531
04/03/1997,4.74,4.81,4.74,4.77,4.2,2069550
05/03/1997,4.77,4.79,4.69,4.77,4.2,2392538
06/03/1997,4.77,4.77,4.64,4.67,4.11,1817944
07/03/1997,4.67,4.74,4.64,4.67,4.11,1995131
10/03/1997,4.64,4.77,4.59,4.72,4.15,2914481
11/03/1997,4.77,4.77,4.69,4.72,4.15,2288250
12/03/1997,4.72,4.77,4.64,4.74,4.18,2562131
13/03/1997,4.72,4.74,4.59,4.62,4.07,3105338
14/03/1997,4.62,4.69,4.59,4.64,4.09,972000
17/03/1997,4.62,4.67,4.54,4.67,4.11,3038006
18/03/1997,4.64,4.77,4.64,4.69,4.13,2785894
19/03/1997,4.74,4.74,4.57,4.57,4.02,2319638
20/03/1997,4.57,4.62,4.54,4.57,4.02,1841738
21/03/1997,4.62,4.64,4.57,4.62,4.07,2016394
24/03/1997,4.67,4.67,4.57,4.59,4.05,1649363
25/03/1997,4.59,4.64,4.59,4.62,4.07,1243350
26/03/1997,4.62,4.74,4.62,4.72,4.15,2052844
27/03/1997,4.74,4.74,4.54,4.59,4.05,3295181
31/03/1997,4.54,4.57,4.37,4.37,3.85,2321156
01/04/1997,4.4,4.42,4.35,4.42,3.89,1585069
02/04/1997,4.44,4.44,4.32,4.35,3.83,1827056
03/04/1997,4.3,4.32,4.25,4.32,3.81,1924256
04/04/1997,4.3,4.54,4.3,4.52,3.98,3420225
07/04/1997,4.54,4.62,4.47,4.57,4.02,2413800
08/04/1997,4.59,4.59,4.52,4.52,3.98,1620000
09/04/1997,4.52,4.57,4.44,4.44,3.92,2107013
10/04/1997,4.44,4.57,4.44,4.49,3.96,1527356
11/04/1997,4.44,4.52,4.42,4.47,3.94,2617819
14/04/1997,4.47,4.47,4.35,4.37,3.85,1810856
15/04/1997,4.4,4.44,4.37,4.42,3.89,1310175
16/04/1997,4.4,4.49,4.4,4.42,3.89,2401144
17/04/1997,4.47,4.69,4.44,4.67,4.11,5981344
18/04/1997,4.59,4.64,4.52,4.52,3.98,2998519
21/04/1997,4.54,4.72,4.54,4.64,4.09,2448225
22/04/1997,4.69,4.77,4.67,4.77,4.2,3279994
23/04/1997,4.77,4.99,4.74,4.99,4.39,7174575
24/04/1997,5.51,5.51,5.14,5.16,4.55,14391675
25/04/1997,5.16,5.16,4.79,4.99,4.39,5895788
28/04/1997,5.11,5.38,5.09,5.36,4.72,10423181
29/04/1997,5.48,5.48,5.31,5.43,4.79,6477469
30/04/1997,5.41,5.53,5.38,5.43,4.79,5442694
01/05/1997,5.43,5.46,5.21,5.21,4.59,3307838
02/05/1997,5.26,5.51,5.26,5.51,4.85,4846331
05/05/1997,5.43,5.48,5.26,5.46,4.81,5520150
06/05/1997,5.41,5.46,5.36,5.36,4.72,3228356
07/05/1997,5.33,5.33,5.19,5.21,4.59,4305656
08/05/1997,5.16,5.46,5.14,5.43,4.79,3521475
09/05/1997,5.43,5.46,5.26,5.26,4.63,2942831
12/05/1997,5.31,5.33,5.21,5.31,4.68,2665406
13/05/1997,5.31,5.36,5.21,5.33,4.7,3053700
14/05/1997,5.33,5.38,5.21,5.26,4.63,3258731
15/05/1997,5.26,5.26,5.14,5.26,4.63,1797694
16/05/1997,5.26,5.38,5.26,5.38,4.74,2821838
19/05/1997,5.33,5.36,5.23,5.33,4.7,1798706
20/05/1997,5.26,5.43,5.23,5.43,4.79,2912963
21/05/1997,5.41,5.43,5.31,5.41,4.76,2992950
22/05/1997,5.36,5.38,5.28,5.28,4.66,1419525
23/05/1997,5.31,5.43,5.31,5.38,4.74,4990106
27/05/1997,5.36,5.48,5.36,5.41,4.76,4168969
28/05/1997,5.43,5.43,5.26,5.28,4.66,2398106
29/05/1997,5.21,5.21,5.06,5.11,4.5,7548188
30/05/1997,5.09,5.14,5.04,5.09,4.48,4092525
02/06/1997,5.09,5.11,4.94,4.94,4.35,4537519
03/06/1997,4.99,5.06,4.94,5.06,4.46,5355619
04/06/1997,5.04,5.06,4.99,5.01,4.42,4177069
05/06/1997,5.04,5.11,5.01,5.04,4.44,4757738
06/06/1997,5.06,5.21,5.04,5.21,4.59,2426963
09/06/1997,5.19,5.21,5.16,5.19,4.57,3540206
10/06/1997,5.16,5.19,5.04,5.04,4.44,4269206
11/06/1997,5.06,5.09,5.04,5.06,4.46,2642625
12/06/1997,5.09,5.11,5.06,5.09,4.48,2142450
13/06/1997,5.11,5.19,5.11,5.14,4.53,1902488
16/06/1997,5.14,5.16,5.11,5.11,4.5,2585419
17/06/1997,5.14,5.23,5.09,5.16,4.55,2071575
18/06/1997,5.14,5.16,5.09,5.09,4.48,1467113
19/06/1997,5.09,5.11,4.99,5.09,4.48,2273063
20/06/1997,5.14,5.23,5.11,5.23,4.61,3577669
23/06/1997,5.19,5.28,5.19,5.21,4.59,2697806
24/06/1997,5.23,5.3,5.17,5.19,4.57,3935588
25/06/1997,5.14,5.27,5.11,5.15,4.54,2108025
26/06/1997,5.15,5.26,5.11,5.17,4.56,1577475
27/06/1997,5.22,5.26,5.19,5.21,4.59,1313719
30/06/1997,5.22,5.26,5.11,5.11,4.5,3451106
01/07/1997,5.33,5.43,5.27,5.43,4.79,6659719
02/07/1997,5.43,5.43,5.31,5.36,4.72,3686006
03/07/1997,5.38,5.41,5.28,5.33,4.7,1858950
07/07/1997,5.35,5.42,5.23,5.35,4.71,3831806
08/07/1997,5.35,5.35,5.26,5.28,4.66,1976400
09/07/1997,5.28,5.36,5.26,5.28,4.66,3091163
10/07/1997,5.28,5.32,5.23,5.27,4.65,2302931
11/07/1997,5.28,5.36,5.27,5.33,4.7,2000700
14/07/1997,5.31,5.33,5.14,5.17,4.56,2370263
15/07/1997,5.19,5.36,5.15,5.33,4.7,2250281
16/07/1997,5.31,5.43,5.31,5.41,4.77,2840063
17/07/1997,5.41,5.41,5.23,5.26,4.64,2230031
18/07/1997,5.23,5.25,5.19,5.21,4.59,1978931
21/07/1997,5.16,5.25,5.15,5.17,4.56,1368394
22/07/1997,5.19,5.35,5.19,5.31,4.68,2399119
23/07/1997,5.31,5.38,5.27,5.38,4.74,2919544
24/07/1997,5.38,5.42,5.25,5.36,4.72,3143813
25/07/1997,5.38,5.58,5.36,5.53,4.87,10439381
28/07/1997,5.58,5.59,5.49,5.53,4.87,4040888
29/07/1997,5.46,5.6,5.42,5.51,4.85,7341131
30/07/1997,5.53,5.78,5.51,5.78,5.09,7727906
31/07/1997,5.75,5.85,5.68,5.73,5.05,4403363
01/08/1997,5.73,5.73,5.48,5.53,4.87,5396119
04/08/1997,5.53,5.77,5.53,5.77,5.08,2828419
05/08/1997,5.77,5.88,5.75,5.78,5.09,2969663
06/08/1997,5.73,5.84,5.7,5.79,5.1,2392031
07/08/1997,5.86,5.93,5.78,5.79,5.1,3077494
08/08/1997,5.73,5.75,5.53,5.62,4.95,3690563
11/08/1997,5.64,5.8,5.63,5.77,5.08,3333150
12/08/1997,5.75,5.77,5.56,5.64,4.97,3946219
13/08/1997,5.69,5.77,5.63,5.68,5.01,5406750
14/08/1997,5.72,5.74,5.56,5.59,4.93,1541025
15/08/1997,5.58,5.59,5.52,5.53,4.87,1238288
18/08/1997,5.52,5.56,5.43,5.52,4.86,1752638
19/08/1997,5.62,5.67,5.52,5.6,4.94,1611394
20/08/1997,5.56,5.7,5.54,5.7,5.03,1837181
21/08/1997,5.7,5.73,5.64,5.69,5.02,1895400
22/08/1997,5.63,5.91,5.62,5.91,5.21,3966975
25/08/1997,5.89,5.91,5.7,5.77,5.08,2907394
26/08/1997,5.7,5.75,5.64,5.64,4.97,1544569
27/08/1997,5.64,5.84,5.62,5.7,5.03,2437594
28/08/1997,5.65,5.72,5.58,5.63,4.96,1494450
29/08/1997,5.59,5.64,5.53,5.53,4.88,830250
02/09/1997,5.56,5.85,5.54,5.8,5.12,3207094
03/09/1997,5.85,5.88,5.74,5.78,5.09,2370769
04/09/1997,5.78,5.88,5.77,5.83,5.14,2038163
05/09/1997,5.84,5.89,5.8,5.88,5.18,2093344
08/09/1997,5.9,6.4,5.9,6.32,5.57,12954938
09/09/1997,6.17,6.23,6.05,6.11,5.39,8325788
10/09/1997,6.07,6.32,6.04,6.19,5.45,6529106
11/09/1997,6.1,6.25,6.07,6.17,5.44,4519800
12/09/1997,6.17,6.19,6.07,6.12,5.4,3317963
15/09/1997,6.15,6.3,6.15,6.17,5.44,4175044
16/09/1997,6.22,6.41,6.22,6.35,5.6,9343856
17/09/1997,6.3,6.52,6.3,6.42,5.66,6498225
18/09/1997,6.32,6.41,6.3,6.35,5.6,3117994
19/09/1997,6.35,6.56,6.35,6.43,5.67,5955019
22/09/1997,6.44,6.47,6.32,6.32,5.57,2721094
23/09/1997,6.17,6.32,6.02,6.14,5.41,4781025
24/09/1997,6.17,6.21,6.05,6.1,5.38,2185988
25/09/1997,6.09,6.15,6.0,6.0,5.29,2253319
26/09/1997,6.32,6.32,6.22,6.3,5.55,6099300
29/09/1997,6.3,6.42,6.3,6.41,5.65,3926475
30/09/1997,6.41,6.43,6.28,6.32,5.57,3213169
01/10/1997,6.42,6.43,6.27,6.28,5.54,6610106
02/10/1997,6.27,6.41,6.23,6.35,5.6,6134738
03/10/1997,6.44,6.51,6.22,6.28,5.54,1743525
06/10/1997,6.37,6.43,6.36,6.4,5.64,4545113
07/10/1997,6.37,6.46,6.3,6.44,5.68,4300088
08/10/1997,6.52,6.52,6.41,6.43,5.67,2487713
09/10/1997,6.41,6.52,6.4,6.52,5.75,1937419
10/10/1997,6.46,6.64,6.44,6.59,5.81,2480119
13/10/1997,6.62,6.65,6.57,6.62,5.83,1773900
14/10/1997,6.72,6.96,6.69,6.91,6.1,5856806
15/10/1997,6.91,7.21,6.86,7.07,6.24,7562869
16/10/1997,7.07,7.12,6.85,6.85,6.04,3855600
17/10/1997,6.8,6.84,6.58,6.72,5.92,3995831
20/10/1997,6.72,6.86,6.67,6.86,6.05,4175044
21/10/1997,6.86,7.11,6.86,7.04,6.2,3757894
22/10/1997,7.06,7.12,7.01,7.07,6.24,3592350
23/10/1997,6.77,7.06,6.77,6.98,6.15,4725844
24/10/1997,6.95,6.99,6.72,6.72,5.92,10179675
27/10/1997,6.72,6.78,5.88,5.95,5.25,7949138
28/10/1997,5.58,6.57,5.58,6.46,5.69,6251175
29/10/1997,6.44,6.62,6.35,6.48,5.71,3540713
30/10/1997,6.42,6.53,6.32,6.42,5.66,3545775
31/10/1997,6.57,6.58,6.42,6.44,5.68,2261925
03/11/1997,6.47,6.72,6.47,6.69,5.9,2449238
04/11/1997,6.69,6.8,6.59,6.8,6.0,3050156
05/11/1997,6.8,6.96,6.8,6.86,6.05,3050156
06/11/1997,6.86,7.01,6.79,7.01,6.18,2084231
07/11/1997,6.77,6.78,6.65,6.68,5.89,2615288
10/11/1997,6.68,6.77,6.47,6.48,5.71,1463569
11/11/1997,6.47,6.6,6.47,6.54,5.77,884419
12/11/1997,6.49,6.72,6.49,6.62,5.83,3600450
13/11/1997,6.62,6.72,6.52,6.7,5.91,4103663
14/11/1997,6.72,6.96,6.68,6.86,6.05,4906069
17/11/1997,6.88,7.01,6.84,6.91,6.1,2404181
18/11/1997,6.86,7.07,6.85,7.01,6.18,2908913
19/11/1997,7.02,7.09,6.98,7.01,6.18,3253669
20/11/1997,7.09,7.31,7.09,7.28,6.42,3763463
21/11/1997,7.26,7.26,7.02,7.02,6.19,2372288
24/11/1997,7.02,7.23,6.99,7.17,6.32,1630631
25/11/1997,7.28,7.38,7.2,7.3,6.43,3683981
26/11/1997,7.31,7.37,7.19,7.19,6.34,4487400
28/11/1997,7.26,7.3,7.22,7.24,6.38,3180600
01/12/1997,7.24,7.26,6.96,6.98,6.16,5308200
02/12/1997,7.11,7.13,6.85,6.91,6.09,3813075
03/12/1997,6.98,7.07,6.7,7.02,6.19,2767500
04/12/1997,7.02,7.15,7.02,7.09,6.25,3711488
05/12/1997,6.98,7.24,6.98,7.15,6.3,3007463
08/12/1997,7.07,7.48,7.07,7.37,6.5,3444188
09/12/1997,7.39,7.41,7.22,7.3,6.44,1972688
10/12/1997,7.26,7.35,7.17,7.35,6.49,1615950
11/12/1997,7.3,7.35,7.06,7.35,6.49,3382088
12/12/1997,7.52,7.7,7.39,7.59,6.7,4319663
15/12/1997,7.7,7.78,7.54,7.61,6.71,2898113
16/12/1997,7.61,7.61,7.41,7.43,6.55,1963238
17/12/1997,7.48,7.56,7.43,7.44,6.57,2040188
18/12/1997,7.48,7.54,7.28,7.35,6.49,1613588
19/12/1997,6.89,7.19,6.81,7.19,6.34,3979463
22/12/1997,7.17,7.33,6.89,6.93,6.11,3579863
23/12/1997,6.85,6.85,6.67,6.67,5.88,3806663
24/12/1997,6.78,6.8,6.67,6.67,5.88,1593000
26/12/1997,6.69,6.78,6.69,6.72,5.93,403988
29/12/1997,6.78,6.8,6.74,6.8,6.0,1749263
30/12/1997,6.8,7.11,6.78,7.11,6.27,3608213
31/12/1997,7.11,7.44,7.09,7.3,6.44,2410763
02/01/1998,7.37,7.44,7.06,7.19,6.34,1397250
05/01/1998,7.19,7.59,7.19,7.52,6.63,2977088
06/01/1998,7.59,7.65,7.22,7.26,6.4,3053363
07/01/1998,7.19,7.54,7.11,7.54,6.65,3024000
08/01/1998,7.54,7.63,7.28,7.41,6.53,2319638
09/01/1998,7.39,7.67,6.96,7.11,6.27,4350713
12/01/1998,6.81,7.43,6.81,7.41,6.53,4518450
13/01/1998,7.37,7.46,7.37,7.44,6.57,2177888
14/01/1998,7.52,7.52,7.26,7.39,6.52,2019938
15/01/1998,7.31,7.48,7.26,7.28,6.42,2107688
16/01/1998,7.41,7.65,7.41,7.54,6.65,4343625
20/01/1998,7.7,8.09,7.67,8.04,7.09,6352763
21/01/1998,8.15,8.41,7.96,8.3,7.32,7590038
22/01/1998,8.19,8.37,8.0,8.0,7.06,4200525
23/01/1998,8.06,8.11,7.63,7.72,6.81,3731063
26/01/1998,8.0,8.17,7.65,7.78,6.86,3632513
27/01/1998,7.78,7.87,7.41,7.59,6.7,4041225
28/01/1998,7.85,8.22,7.65,8.19,7.22,4749975
29/01/1998,8.19,8.22,7.93,7.98,7.04,2503238
30/01/1998,7.94,7.98,7.72,7.72,6.81,2287913
02/02/1998,8.28,8.28,8.02,8.28,7.3,4197488
03/02/1998,8.15,8.28,8.07,8.11,7.15,3207263
04/02/1998,8.2,8.24,8.13,8.19,7.22,2092838
05/02/1998,8.28,8.3,8.06,8.19,7.22,2463075
06/02/1998,8.15,8.39,8.15,8.31,7.33,3611250
09/02/1998,8.37,8.57,8.3,8.57,7.56,4893075
10/02/1998,8.56,8.89,8.54,8.78,7.74,7436813
11/02/1998,8.81,8.83,8.72,8.76,7.73,3805650
12/02/1998,8.7,9.13,8.65,8.91,7.86,3877875
13/02/1998,9.02,9.33,8.8,8.87,7.82,5909963
17/02/1998,8.94,9.0,8.85,8.89,7.84,2723625
18/02/1998,8.89,8.98,8.63,8.67,7.64,3327750
19/02/1998,8.78,8.8,8.46,8.5,7.5,2762438
20/02/1998,8.39,8.43,7.93,8.22,7.25,8219138
23/02/1998,8.52,8.74,8.48,8.57,7.56,11684588
24/02/1998,8.57,8.76,8.41,8.43,7.43,4404038
25/02/1998,8.59,8.74,8.54,8.63,7.61,9727763
26/02/1998,8.63,8.63,8.31,8.59,7.58,3990263
27/02/1998,8.52,8.61,8.43,8.5,7.5,2326725
02/03/1998,8.52,8.67,8.48,8.61,7.6,3481650
03/03/1998,8.69,8.87,8.57,8.81,7.78,3633525
04/03/1998,8.87,8.87,8.28,8.65,7.63,3492450
05/03/1998,8.57,8.57,8.41,8.54,7.53,2096550
06/03/1998,8.52,8.91,8.52,8.85,7.81,3118500
09/03/1998,8.78,9.04,8.78,8.98,7.93,2590313
10/03/1998,9.04,9.13,8.91,8.96,7.91,2378025
11/03/1998,8.96,8.96,8.81,8.89,7.84,3181613
12/03/1998,8.87,9.09,8.85,9.04,7.97,1986188
13/03/1998,9.04,9.19,8.98,9.15,8.07,2321663
16/03/1998,9.26,9.37,9.15,9.2,8.12,3086100
17/03/1998,9.2,9.52,9.15,9.46,8.35,4085775
18/03/1998,9.41,9.43,9.19,9.2,8.12,3907913
19/03/1998,9.19,9.19,9.07,9.19,8.1,1991250
20/03/1998,9.19,9.24,8.81,8.93,7.88,2994638
23/03/1998,7.56,8.57,7.56,8.41,7.42,13074413
24/03/1998,8.37,8.72,8.37,8.61,7.6,4422600
25/03/1998,8.89,8.93,8.48,8.74,7.71,5392575
26/03/1998,8.7,8.74,8.52,8.52,7.52,2993625
27/03/1998,8.7,8.7,8.5,8.56,7.55,3822863
30/03/1998,8.59,8.65,8.5,8.59,7.58,3527213
31/03/1998,8.7,8.8,8.63,8.76,7.73,3461738
01/04/1998,8.89,8.89,8.7,8.8,7.76,2527538
02/04/1998,8.81,8.93,8.69,8.89,7.84,2367900
03/04/1998,8.93,9.0,8.78,8.85,7.81,3585938
06/04/1998,8.93,8.94,8.7,8.7,7.68,2129625
07/04/1998,8.74,8.74,8.57,8.63,7.61,1668600
08/04/1998,8.67,8.67,8.59,8.63,7.61,1012163
09/04/1998,8.65,8.74,8.59,8.63,7.61,1622363
13/04/1998,8.61,8.72,8.48,8.7,7.68,2725313
14/04/1998,8.8,8.81,8.69,8.74,7.71,1979438
15/04/1998,8.87,9.2,8.85,9.2,8.12,5986913
16/04/1998,9.11,9.19,9.02,9.04,7.97,3417188
17/04/1998,9.13,9.13,8.93,9.0,7.94,3219075
20/04/1998,8.93,8.96,8.81,8.94,7.89,2317613
21/04/1998,8.93,9.09,8.89,9.04,7.97,2371275
22/04/1998,9.04,9.06,8.83,8.87,7.83,2694263
23/04/1998,8.8,8.81,8.54,8.57,7.57,3378375
24/04/1998,8.59,8.65,8.2,8.26,7.29,9082463
27/04/1998,8.0,8.17,7.85,8.02,7.08,4496850
28/04/1998,8.07,8.11,7.63,7.78,6.86,7220475
29/04/1998,7.85,8.11,7.83,8.02,7.08,3641625
30/04/1998,8.22,8.31,8.09,8.13,7.17,3113438
01/05/1998,8.22,8.3,7.93,7.93,6.99,2732063
04/05/1998,7.93,8.06,7.93,7.94,7.01,3912638
05/05/1998,7.93,7.96,7.78,7.85,6.93,3006113
06/05/1998,7.94,7.98,7.61,7.67,6.77,4150575
07/05/1998,7.7,7.85,7.69,7.85,6.93,4144500
08/05/1998,7.85,8.06,7.85,7.89,6.96,4186013
11/05/1998,7.93,7.98,7.74,7.78,6.86,3650063
12/05/1998,7.8,7.85,7.65,7.74,6.83,2799225
13/05/1998,7.7,7.78,7.65,7.78,6.86,2114775
14/05/1998,7.78,8.0,7.74,7.94,7.01,3413813
15/05/1998,7.98,8.0,7.57,7.67,6.77,4970363
18/05/1998,7.7,7.76,7.61,7.7,6.8,2522475
19/05/1998,7.76,7.8,7.48,7.54,6.65,3217050
20/05/1998,7.56,7.76,7.52,7.74,6.83,4026713
21/05/1998,7.78,7.91,7.61,7.7,6.8,3052688
22/05/1998,7.7,7.91,7.7,7.83,6.91,2470500
26/05/1998,7.96,8.04,7.94,8.02,7.08,3948075
27/05/1998,8.0,8.0,7.7,7.87,6.94,2241338
28/05/1998,7.8,8.02,7.8,7.94,7.01,1723275
29/05/1998,8.0,8.07,7.87,7.91,6.98,1910250
01/06/1998,7.93,7.93,7.67,7.67,6.77,2489063
02/06/1998,7.76,7.89,7.7,7.89,6.96,2470163
03/06/1998,7.96,8.28,7.96,8.13,7.18,4927163
04/06/1998,8.07,8.2,7.93,8.07,7.13,2521463
05/06/1998,8.07,8.22,8.07,8.2,7.24,1774575
08/06/1998,8.22,8.46,8.22,8.43,7.44,2711475
09/06/1998,8.48,8.67,8.37,8.67,7.65,4562663
10/06/1998,8.57,8.78,8.52,8.57,7.57,4044263
11/06/1998,8.59,8.61,8.52,8.57,7.57,2176538
12/06/1998,8.65,8.65,8.3,8.43,7.44,2085750
15/06/1998,8.37,8.72,8.3,8.59,7.58,2751638
16/06/1998,8.59,8.65,8.5,8.59,7.58,2280488
17/06/1998,8.52,8.67,8.48,8.59,7.58,1961550
18/06/1998,8.59,8.65,8.56,8.59,7.58,1780988
19/06/1998,8.63,8.63,8.43,8.44,7.45,1881225
22/06/1998,8.59,8.87,8.56,8.61,7.6,3120525
23/06/1998,8.61,8.69,8.48,8.59,7.58,2075288
24/06/1998,8.59,8.69,8.39,8.65,7.63,1717200
25/06/1998,8.57,8.83,8.57,8.83,7.8,2488050
26/06/1998,8.8,8.85,8.61,8.61,7.6,1473525
29/06/1998,8.63,8.93,8.61,8.93,7.88,2574788
30/06/1998,8.8,8.87,8.72,8.76,7.73,2161013
01/07/1998,8.8,9.0,8.8,8.96,7.91,1964250
02/07/1998,8.74,8.89,8.69,8.74,7.72,1530563
06/07/1998,8.72,9.09,8.67,9.09,8.03,2488388
07/07/1998,9.11,9.31,9.09,9.22,8.14,3770213
08/07/1998,9.24,9.3,9.04,9.06,7.99,2129963
09/07/1998,9.06,9.17,8.93,9.15,8.08,2925788
10/07/1998,9.15,9.33,9.04,9.31,8.22,3640275
13/07/1998,9.22,9.33,8.98,9.07,8.01,2086763
14/07/1998,9.13,9.43,9.11,9.41,8.3,2921400
15/07/1998,9.19,9.24,8.96,8.98,7.93,2260238
16/07/1998,8.89,8.89,8.52,8.8,7.76,3181950
17/07/1998,8.85,9.0,8.81,8.98,7.93,2946713
20/07/1998,9.04,9.15,8.91,8.93,7.88,2852550
21/07/1998,9.04,9.09,8.89,8.89,7.85,2580525
22/07/1998,8.96,9.3,8.94,9.04,7.98,3250463
23/07/1998,9.24,9.44,9.04,9.2,8.12,5315288
24/07/1998,9.33,9.43,8.91,9.17,8.09,4419563
27/07/1998,9.11,9.46,9.07,9.46,8.35,3906900
28/07/1998,9.46,9.56,9.26,9.54,8.42,4797900
29/07/1998,9.57,9.57,9.41,9.48,8.37,4132688
30/07/1998,9.46,9.78,9.46,9.74,8.6,3624750
31/07/1998,9.93,9.94,9.7,9.76,8.61,4781363
03/08/1998,9.69,9.81,9.57,9.63,8.5,2495475
04/08/1998,9.63,9.83,8.98,8.98,7.93,5137425
05/08/1998,9.02,9.37,9.0,9.31,8.22,3390863
06/08/1998,9.15,9.3,9.09,9.3,8.21,2531250
07/08/1998,9.11,9.41,9.11,9.15,8.08,3236288
10/08/1998,9.11,9.37,9.09,9.2,8.12,4838738
11/08/1998,9.0,9.07,8.91,9.07,8.01,2646000
12/08/1998,9.19,9.39,9.17,9.28,8.19,2210288
13/08/1998,9.26,9.33,9.09,9.11,8.04,2110050
14/08/1998,9.09,9.22,8.81,8.89,7.85,4205925
17/08/1998,8.85,9.13,8.7,9.0,7.94,3963938
18/08/1998,8.96,9.19,8.94,9.19,8.11,3656475
19/08/1998,9.24,9.5,9.15,9.26,8.17,4166100
20/08/1998,9.19,9.39,9.19,9.3,8.21,3787425
21/08/1998,9.11,9.17,8.75,8.89,7.85,2643750
24/08/1998,8.97,9.11,8.89,9.08,8.02,2432700
25/08/1998,9.19,9.5,9.19,9.36,8.26,2370150
26/08/1998,9.36,9.36,8.94,9.11,8.04,1508400
27/08/1998,8.89,9.06,8.44,8.83,7.8,3714075
28/08/1998,8.83,9.03,8.58,8.67,7.65,2581200
31/08/1998,8.83,8.86,7.64,7.92,6.99,4246875
01/09/1998,8.11,8.56,7.83,8.39,7.41,3551175
02/09/1998,8.44,8.75,8.06,8.06,7.11,2252250
03/09/1998,8.0,8.06,7.75,7.89,6.97,1963350
04/09/1998,8.0,8.08,7.69,7.83,6.92,2047050
08/09/1998,8.44,8.5,8.28,8.47,7.48,2927925
09/09/1998,8.5,8.78,8.47,8.69,7.68,2842650
10/09/1998,8.44,8.44,8.17,8.33,7.36,2276775
11/09/1998,8.22,8.69,8.17,8.44,7.46,2841525
14/09/1998,8.67,8.94,8.67,8.89,7.85,2715525
15/09/1998,8.86,9.19,8.78,8.92,7.87,2094075
16/09/1998,8.92,9.25,8.89,9.17,8.09,2050875
17/09/1998,8.89,9.0,8.86,8.89,7.85,1316475
18/09/1998,8.97,9.06,8.89,8.94,7.9,2095650
21/09/1998,8.86,9.0,8.67,9.0,7.95,1336275
22/09/1998,9.0,9.64,9.0,9.58,8.46,2733075
23/09/1998,9.67,10.11,9.64,10.06,8.88,3985875
24/09/1998,10.11,10.39,9.5,9.64,8.51,3782250
25/09/1998,9.28,9.94,9.28,9.72,8.59,2469825
28/09/1998,9.94,10.22,9.75,10.03,8.86,2124000
29/09/1998,10.0,10.14,9.72,9.78,8.63,2840175
30/09/1998,9.61,9.67,8.75,9.0,7.95,4141800
01/10/1998,8.72,9.03,8.36,8.44,7.46,4414725
02/10/1998,8.56,8.75,8.42,8.56,7.56,2900475
05/10/1998,8.42,8.47,8.19,8.47,7.48,1814850
06/10/1998,8.44,8.89,8.17,8.56,7.56,4362075
07/10/1998,8.44,8.56,7.94,8.06,7.11,2514150
08/10/1998,7.56,7.56,6.81,7.28,6.43,5390775
09/10/1998,7.28,7.86,7.28,7.78,6.87,3731625
12/10/1998,7.78,8.06,7.69,7.78,6.87,2472750
13/10/1998,7.81,7.83,7.33,7.47,6.6,2225475
14/10/1998,7.44,7.97,7.42,7.72,6.82,3395475
15/10/1998,7.72,9.0,7.72,8.92,7.87,4055175
16/10/1998,9.33,9.33,8.72,9.0,7.95,4433625
19/10/1998,8.89,9.47,8.89,9.28,8.19,2674800
20/10/1998,9.42,9.69,8.89,9.0,7.95,3954600
21/10/1998,9.06,9.28,8.92,9.0,7.95,2717325
22/10/1998,8.89,9.33,8.83,9.11,8.05,2727900
23/10/1998,9.08,9.36,9.06,9.19,8.12,2048850
26/10/1998,9.22,9.28,9.11,9.17,8.09,1794150
27/10/1998,9.11,9.36,9.03,9.22,8.14,2387925
28/10/1998,9.28,9.5,9.14,9.22,8.14,1729350
29/10/1998,9.14,9.17,8.89,9.06,8.0,2137950
30/10/1998,9.17,9.42,9.17,9.39,8.29,3615300
02/11/1998,9.56,9.86,9.5,9.75,8.61,2485575
03/11/1998,9.72,9.78,9.22,9.39,8.29,3340125
04/11/1998,9.72,10.08,9.47,9.58,8.46,5882400
05/11/1998,9.56,10.56,9.56,10.28,9.08,5545125
06/11/1998,10.28,10.39,9.67,9.83,8.68,3109050
09/11/1998,9.78,9.78,9.31,9.53,8.41,4849200
10/11/1998,9.39,9.69,9.39,9.44,8.34,3115350
11/11/1998,9.5,9.67,9.31,9.36,8.27,2126475
12/11/1998,9.36,9.47,9.19,9.36,8.27,2267100
13/11/1998,9.39,9.61,9.33,9.53,8.41,1695150
16/11/1998,9.69,9.81,9.58,9.67,8.54,1801350
17/11/1998,9.75,9.83,9.58,9.83,8.68,2106675
18/11/1998,9.83,10.19,9.72,10.03,8.86,3116925
19/11/1998,9.94,9.97,9.5,9.56,8.44,6543000
20/11/1998,9.67,9.69,9.22,9.36,8.27,5715900
23/11/1998,9.36,9.72,9.33,9.61,8.49,4149900
24/11/1998,9.64,10.14,9.61,10.14,8.95,4363425
25/11/1998,10.03,10.11,9.75,9.81,8.66,2233125
27/11/1998,9.97,9.97,9.89,9.94,8.78,636300
30/11/1998,9.92,10.0,9.56,9.64,8.51,2137275
01/12/1998,9.36,9.97,9.36,9.83,8.68,3988800
02/12/1998,9.81,10.03,9.67,9.89,8.73,3755475
03/12/1998,9.78,9.86,9.72,9.72,8.59,2386800
04/12/1998,9.78,9.86,9.69,9.83,8.68,3053025
07/12/1998,9.86,10.0,9.81,9.97,8.81,2453625
08/12/1998,9.97,10.42,9.92,10.17,8.98,4027725
09/12/1998,10.22,10.33,10.03,10.11,8.93,3128625
10/12/1998,10.17,10.19,9.94,9.97,8.81,2471625
11/12/1998,9.83,9.83,9.47,9.61,8.49,3712950
14/12/1998,9.33,9.61,9.31,9.5,8.39,3062925
15/12/1998,9.44,9.5,9.33,9.39,8.29,2429325
16/12/1998,9.44,9.44,9.08,9.17,8.1,2195325
17/12/1998,9.06,9.53,9.03,9.5,8.39,2621700
18/12/1998,9.28,9.81,9.28,9.81,8.66,2608425
21/12/1998,9.69,9.94,9.69,9.75,8.61,1870875
22/12/1998,9.67,9.69,9.44,9.64,8.52,1686375
23/12/1998,9.56,9.78,9.56,9.69,8.56,1904625
24/12/1998,9.78,9.78,9.67,9.75,8.61,592425
28/12/1998,9.78,9.86,9.64,9.86,8.71,1577025
29/12/1998,9.78,9.97,9.69,9.89,8.74,1259100
30/12/1998,9.92,10.33,9.86,10.28,9.08,2474775
31/12/1998,10.19,10.25,9.97,10.08,8.91,1860300
04/01/1999,9.97,10.19,9.94,10.19,9.01,3779550
05/01/1999,10.11,10.94,10.11,10.83,9.57,5221800
06/01/1999,10.89,11.11,10.64,10.97,9.69,5613975
07/01/1999,10.81,11.33,10.56,11.33,10.01,7051725
08/01/1999,14.22,14.22,12.5,12.69,11.21,12647475
11/01/1999,12.67,12.67,11.67,12.0,10.6,7014600
12/01/1999,11.83,12.03,11.5,11.58,10.23,4149675
13/01/1999,10.78,12.11,10.78,11.72,10.36,4108725
14/01/1999,11.78,11.86,11.53,11.67,10.31,2944575
15/01/1999,11.92,12.06,11.69,11.72,10.36,3959550
19/01/1999,11.94,12.5,11.81,12.44,10.99,4144725
20/01/1999,12.42,12.44,11.72,11.83,10.45,3351600
21/01/1999,11.86,12.17,11.56,11.92,10.53,3589875
22/01/1999,11.78,11.89,11.56,11.86,10.48,2558475
25/01/1999,11.72,11.83,11.61,11.81,10.43,2094975
26/01/1999,11.83,12.0,11.83,11.89,10.5,2315475
27/01/1999,11.94,11.94,11.44,11.53,10.18,2471850
28/01/1999,11.58,11.67,11.11,11.28,9.96,2701125
29/01/1999,11.33,11.97,11.08,11.97,10.58,4250025
01/02/1999,11.97,12.42,11.97,12.19,10.77,4062825
02/02/1999,12.11,12.17,11.58,11.81,10.43,2484450
03/02/1999,11.61,12.19,11.58,12.19,10.77,2418300
04/02/1999,12.22,12.56,12.0,12.11,10.7,3348000
05/02/1999,12.14,12.22,11.78,12.17,10.75,2360250
08/02/1999,12.25,12.28,12.03,12.17,10.75,2104875
09/02/1999,12.53,12.56,12.28,12.33,10.9,4590225
10/02/1999,12.31,12.56,12.31,12.53,11.07,2931750
11/02/1999,12.5,12.89,12.39,12.44,10.99,3845700
12/02/1999,12.39,12.83,11.94,12.75,11.26,4448025
16/02/1999,12.81,13.0,12.58,12.92,11.41,2661300
17/02/1999,12.86,13.0,12.72,12.89,11.39,2402325
18/02/1999,13.06,13.11,12.78,13.11,11.58,2561625
19/02/1999,13.08,13.33,12.97,13.33,11.78,2902275
22/02/1999,13.31,13.56,13.22,13.44,11.88,3506850
23/02/1999,13.42,13.64,13.28,13.58,12.0,3004875
24/02/1999,13.67,14.0,13.67,13.78,12.17,3906450
25/02/1999,13.64,13.64,13.28,13.61,12.02,2504250
26/02/1999,13.64,13.67,13.31,13.39,11.83,1541250
01/03/1999,13.33,13.64,13.33,13.39,11.83,2244375
02/03/1999,13.64,14.22,13.64,13.94,12.32,4348350
03/03/1999,13.94,14.11,13.72,13.78,12.17,2688300
04/03/1999,13.78,13.83,12.92,13.47,11.9,4073625
05/03/1999,13.67,13.72,13.31,13.61,12.03,3822525
08/03/1999,13.81,14.17,13.75,13.86,12.25,3237750
09/03/1999,13.83,14.19,13.53,14.08,12.44,4350150
10/03/1999,14.06,14.08,13.67,13.72,12.13,3057525
11/03/1999,13.69,13.75,13.42,13.56,11.98,3435075
12/03/1999,13.56,14.19,13.36,13.86,12.25,3969225
15/03/1999,14.03,15.28,13.92,15.17,13.4,5107050
16/03/1999,15.22,15.22,14.58,14.75,13.03,3662775
17/03/1999,14.72,14.86,14.39,14.39,12.71,3668400
18/03/1999,14.36,14.89,14.31,14.86,13.13,4666050
19/03/1999,14.92,14.92,14.44,14.44,12.76,3130875
22/03/1999,14.47,14.47,13.83,13.92,12.3,2716425
23/03/1999,13.81,14.14,13.61,13.64,12.05,4008375
24/03/1999,13.53,14.44,13.53,14.42,12.74,3294900
25/03/1999,14.56,14.64,14.25,14.39,12.71,2035125
26/03/1999,14.28,14.28,13.72,13.78,12.17,2412900
29/03/1999,13.67,13.67,13.14,13.33,11.78,3948750
30/03/1999,13.42,14.06,13.42,13.94,12.32,4747050
31/03/1999,14.0,14.19,13.33,13.44,11.88,2963700
01/04/1999,13.64,13.81,13.36,13.47,11.9,1614150
05/04/1999,13.56,13.86,13.53,13.75,12.15,2442375
06/04/1999,13.81,13.81,13.5,13.5,11.93,2640825
07/04/1999,13.61,13.94,13.61,13.94,12.32,3226050
08/04/1999,13.97,14.44,13.78,14.44,12.76,3228075
09/04/1999,14.33,15.11,14.33,14.83,13.11,4652550
12/04/1999,14.33,14.42,13.94,14.0,12.37,5637375
13/04/1999,14.11,14.19,13.97,14.0,12.37,3217275
14/04/1999,14.0,14.69,13.92,14.56,12.86,3289275
15/04/1999,14.81,14.86,13.81,13.81,12.2,2335725
16/04/1999,13.89,14.86,13.86,14.56,12.86,2948625
19/04/1999,15.33,15.56,14.28,14.44,12.76,5489775
20/04/1999,14.56,14.58,14.08,14.25,12.59,4725900
21/04/1999,14.78,15.53,14.75,15.53,13.72,4179825
22/04/1999,15.53,15.72,14.64,14.75,13.03,5527125
23/04/1999,14.81,15.67,14.67,15.61,13.79,3428325
26/04/1999,15.33,15.33,15.03,15.11,13.35,3809475
27/04/1999,15.08,15.17,14.86,14.97,13.23,3610350
28/04/1999,14.94,15.03,14.61,14.64,12.94,3122775
29/04/1999,14.67,14.75,14.25,14.33,12.67,4383675
30/04/1999,14.33,14.56,14.11,14.47,12.79,2701350
03/05/1999,14.36,14.36,14.0,14.17,12.52,2943450
04/05/1999,14.11,14.86,14.11,14.53,12.84,3621600
05/05/1999,14.58,14.64,14.03,14.28,12.62,3106800
06/05/1999,14.28,14.5,14.0,14.36,12.69,2694600
07/05/1999,14.67,14.89,14.44,14.67,12.96,2762775
10/05/1999,14.28,14.39,14.0,14.03,12.4,3186225
11/05/1999,14.11,14.81,14.06,14.67,12.96,3415500
12/05/1999,14.67,15.36,14.5,15.19,13.43,4646475
13/05/1999,15.31,15.33,14.44,15.11,13.35,5489775
14/05/1999,14.72,15.03,14.61,14.81,13.08,1904850
17/05/1999,14.78,15.14,14.64,15.08,13.33,2416725
18/05/1999,15.08,15.14,14.83,15.14,13.38,1733175
19/05/1999,15.11,15.14,14.53,14.61,12.91,3753225
20/05/1999,14.61,14.67,14.03,14.11,12.47,6406875
21/05/1999,14.08,14.08,13.03,13.61,12.03,8831475
24/05/1999,13.72,13.89,13.5,13.81,12.2,5756850
25/05/1999,13.83,14.08,13.64,13.75,12.15,3570300
26/05/1999,13.81,13.94,13.44,13.64,12.05,2307825
27/05/1999,13.61,13.89,13.5,13.78,12.17,2135925
28/05/1999,13.78,14.28,13.78,14.25,12.59,2169000
01/06/1999,14.28,14.56,14.06,14.31,12.64,2414250
02/06/1999,14.08,14.11,13.72,13.89,12.28,2468700
03/06/1999,14.0,14.31,13.89,14.25,12.59,2624625
04/06/1999,14.19,14.44,14.14,14.44,12.77,3025125
07/06/1999,14.22,14.92,14.03,14.83,13.11,2468925
08/06/1999,14.72,14.75,14.33,14.33,12.67,2282850
09/06/1999,14.17,14.19,13.81,14.03,12.4,3244275
10/06/1999,14.03,14.25,13.75,13.81,12.2,2561175
11/06/1999,13.92,14.0,13.56,13.64,12.05,2140650
14/06/1999,13.83,13.86,13.58,13.75,12.15,1832175
15/06/1999,13.75,14.03,13.72,14.0,12.37,1392300
16/06/1999,14.06,14.31,14.06,14.17,12.52,1617525
17/06/1999,14.19,14.28,14.0,14.08,12.45,1158975
18/06/1999,14.0,14.33,14.0,14.24,12.58,2586150
21/06/1999,14.22,14.61,14.11,14.53,12.84,1864800
22/06/1999,14.53,14.61,14.22,14.31,12.64,1182600
23/06/1999,14.42,14.42,14.11,14.28,12.62,1196100
24/06/1999,14.17,14.44,14.14,14.28,12.62,1136025
25/06/1999,14.28,14.53,14.19,14.19,12.55,1180575
28/06/1999,14.28,14.67,14.28,14.61,12.91,2261925
29/06/1999,14.5,14.5,14.19,14.31,12.64,3152925
30/06/1999,14.22,14.72,13.83,13.83,12.23,4074075
01/07/1999,14.0,14.39,14.0,14.17,12.52,4711950
02/07/1999,14.11,14.22,14.0,14.06,12.42,3300300
06/07/1999,14.08,14.44,14.03,14.42,12.74,3055950
07/07/1999,14.36,14.58,14.31,14.58,12.89,2186550
08/07/1999,14.47,14.72,14.36,14.72,13.01,1619550
09/07/1999,14.67,14.72,14.36,14.39,12.72,2234025
12/07/1999,14.44,14.47,14.11,14.28,12.62,1855800
13/07/1999,14.06,14.33,14.03,14.19,12.55,3061575
14/07/1999,14.17,14.42,14.14,14.33,12.67,1903050
15/07/1999,14.61,14.64,14.44,14.5,12.82,3238875
16/07/1999,14.44,14.47,14.22,14.36,12.69,2956050
19/07/1999,14.25,14.86,14.25,14.64,12.94,3761325
20/07/1999,14.25,14.54,13.5,13.58,12.01,7566900
21/07/1999,13.75,14.38,13.75,14.08,12.45,4834350
22/07/1999,14.0,14.12,13.75,13.96,12.34,2419200
23/07/1999,13.83,14.04,13.75,13.75,12.15,1704450
26/07/1999,13.67,13.71,13.33,13.42,11.86,2664750
27/07/1999,13.42,13.46,13.12,13.21,11.67,3206250
28/07/1999,13.17,13.21,12.62,12.62,11.16,4756800
29/07/1999,12.08,12.5,12.0,12.0,10.61,5215350
30/07/1999,12.17,12.5,11.96,12.33,10.9,4323600
02/08/1999,12.62,12.88,12.46,12.54,11.09,2916150
03/08/1999,12.62,12.67,11.33,11.71,10.35,7959450
04/08/1999,11.75,11.88,11.54,11.67,10.31,5681850
05/08/1999,11.83,11.83,11.58,11.79,10.42,5475750
06/08/1999,11.67,11.75,11.29,11.42,10.09,3018150
09/08/1999,11.42,11.67,11.38,11.46,10.13,2162850
10/08/1999,11.46,11.46,10.83,11.0,9.72,2762850
11/08/1999,10.92,11.08,10.58,10.92,9.65,4504350
12/08/1999,10.88,11.5,10.83,11.08,9.8,5479800
13/08/1999,11.29,11.83,11.29,11.67,10.31,2855700
16/08/1999,11.83,12.04,11.67,12.0,10.61,2696100
17/08/1999,12.08,12.25,11.67,11.71,10.35,2533350
18/08/1999,11.67,12.17,11.5,11.83,10.46,2383950
19/08/1999,11.62,11.79,11.54,11.75,10.39,3769500
20/08/1999,11.71,11.75,11.62,11.75,10.39,1852800
23/08/1999,11.75,12.0,11.62,11.96,10.57,4989900
24/08/1999,12.0,12.17,11.75,12.08,10.68,2596500
25/08/1999,12.21,12.58,12.12,12.33,10.9,3932400
26/08/1999,12.25,12.25,11.5,11.54,10.2,3290100
27/08/1999,11.62,11.67,11.46,11.5,10.16,2040750
30/08/1999,11.58,11.62,11.29,11.33,10.02,1708800
31/08/1999,11.38,11.46,11.04,11.12,9.84,1859700
01/09/1999,11.17,11.25,11.0,11.17,9.87,1628100
02/09/1999,11.08,11.25,10.96,11.04,9.76,1534500
03/09/1999,11.29,11.42,11.25,11.38,10.06,1515750
07/09/1999,11.17,11.17,10.54,10.54,9.32,4446150
08/09/1999,10.62,10.67,10.42,10.46,9.25,5287350
09/09/1999,10.33,10.88,9.96,10.79,9.54,7526850
10/09/1999,10.96,11.08,10.42,11.0,9.73,4673700
13/09/1999,11.0,11.25,10.67,10.71,9.47,2604900
14/09/1999,10.67,11.08,10.5,10.92,9.65,3985650
15/09/1999,11.0,11.04,10.71,10.75,9.5,2859300
16/09/1999,10.67,10.71,10.25,10.5,9.28,4972200
17/09/1999,10.96,10.96,10.38,10.38,9.17,4860150
20/09/1999,10.58,10.67,10.25,10.46,9.25,3071550
21/09/1999,10.38,10.46,10.21,10.21,9.03,2544450
22/09/1999,10.21,10.33,9.58,9.75,8.62,7067400
23/09/1999,10.04,10.21,9.83,10.0,8.84,8239200
24/09/1999,10.08,10.17,9.96,10.08,8.91,6291300
27/09/1999,10.17,10.33,10.12,10.33,9.14,6804450
28/09/1999,10.25,10.38,10.25,10.29,9.1,5783100
29/09/1999,10.29,10.42,10.29,10.42,9.21,4624500
30/09/1999,10.42,10.46,10.08,10.12,8.95,4399500
01/10/1999,10.12,10.12,10.0,10.04,8.88,2136300
04/10/1999,10.21,10.62,10.21,10.62,9.39,3155550
05/10/1999,10.62,10.75,10.12,10.38,9.17,4436400
06/10/1999,10.67,11.25,10.5,11.25,9.95,4207500
07/10/1999,11.67,12.08,11.62,12.08,10.68,8480100
08/10/1999,12.25,12.54,11.46,11.88,10.5,5965650
11/10/1999,11.83,11.96,11.71,11.75,10.39,2586900
12/10/1999,11.67,11.88,11.38,11.83,10.46,2551200
13/10/1999,11.58,11.62,11.29,11.29,9.98,4106250
14/10/1999,11.25,11.54,11.08,11.25,9.95,2773650
15/10/1999,11.0,11.25,10.71,10.96,9.69,2019000
18/10/1999,11.0,11.46,10.83,11.17,9.87,2306400
19/10/1999,11.46,11.5,11.04,11.17,9.87,1914450
20/10/1999,11.08,11.17,10.75,10.88,9.61,2395200
21/10/1999,10.83,10.92,10.54,10.62,9.39,2080500
22/10/1999,10.54,10.92,10.54,10.75,9.5,1536000
25/10/1999,10.62,10.83,10.46,10.67,9.43,1465650
26/10/1999,10.62,10.79,10.42,10.5,9.28,1665900
27/10/1999,10.58,11.08,10.46,10.58,9.36,4458600
28/10/1999,10.92,11.29,10.88,11.25,9.95,3649350
29/10/1999,11.42,11.5,11.12,11.21,9.91,2887050
01/11/1999,11.08,11.17,10.75,10.92,9.65,2626650
02/11/1999,10.92,11.5,10.83,11.29,9.98,3314700
03/11/1999,11.46,11.46,11.17,11.25,9.95,2271150
04/11/1999,11.21,11.42,11.17,11.25,9.95,1680300
05/11/1999,11.42,11.67,11.38,11.62,10.28,3040200
08/11/1999,11.42,11.67,11.42,11.62,10.28,1503600
09/11/1999,11.79,11.79,11.08,11.17,9.87,2202750
10/11/1999,11.0,11.54,11.0,11.42,10.09,2771250
11/11/1999,11.42,11.58,11.17,11.17,9.87,1751400
12/11/1999,11.33,11.46,11.25,11.38,10.06,2400900
15/11/1999,11.33,11.42,11.0,11.0,9.73,1902900
16/11/1999,11.17,11.5,11.17,11.5,10.17,2416800
17/11/1999,11.33,11.46,11.25,11.33,10.02,2411250
18/11/1999,11.29,11.29,10.83,11.08,9.8,3991800
19/11/1999,10.96,11.12,10.83,11.0,9.73,2154000
22/11/1999,11.0,11.12,10.83,11.0,9.73,2239950
23/11/1999,10.96,11.33,10.83,11.08,9.8,3175650
24/11/1999,11.04,11.17,10.83,10.83,9.58,2735100
26/11/1999,10.88,10.92,10.83,10.83,9.58,1032000
29/11/1999,10.83,11.0,10.79,10.92,9.65,2811000
30/11/1999,11.0,11.21,10.83,10.88,9.61,2631000
01/12/1999,10.88,11.12,10.88,11.0,9.73,1980750
02/12/1999,10.92,11.17,10.92,11.07,9.79,2230350
03/12/1999,11.17,11.42,10.92,11.04,9.76,3445200
06/12/1999,10.96,11.21,10.96,11.21,9.91,2839500
07/12/1999,11.29,11.46,10.71,10.88,9.62,4142700
08/12/1999,10.96,11.17,10.83,10.83,9.58,2961000
09/12/1999,10.75,10.96,10.46,10.58,9.36,4395300
10/12/1999,10.62,10.75,10.42,10.54,9.32,3182850
13/12/1999,10.5,10.79,10.42,10.65,9.42,3173550
14/12/1999,10.62,10.79,10.54,10.67,9.43,2880750
15/12/1999,10.62,10.71,10.46,10.67,9.43,2908650
16/12/1999,10.62,10.67,10.38,10.42,9.21,2741250
17/12/1999,10.58,10.67,10.42,10.42,9.21,4649100
20/12/1999,10.42,10.54,10.25,10.29,9.1,2712000
21/12/1999,10.25,10.71,10.21,10.67,9.43,4711650
22/12/1999,10.58,10.88,10.42,10.54,9.32,2907900
23/12/1999,10.71,10.79,10.62,10.75,9.51,2133150
27/12/1999,10.79,10.92,10.71,10.75,9.51,2145150
28/12/1999,10.67,10.79,10.58,10.79,9.54,1825650
29/12/1999,10.62,10.96,10.62,10.88,9.62,2350950
30/12/1999,10.79,11.04,10.79,11.0,9.73,2380650
31/12/1999,10.88,11.0,10.75,10.75,9.51,1666050
03/01/2000,10.79,10.92,10.46,10.58,9.36,3277800
04/01/2000,10.58,10.75,10.29,10.29,9.1,4702050
05/01/2000,10.29,10.42,10.21,10.25,9.07,3432900
06/01/2000,10.25,10.33,10.12,10.21,9.03,2809500
07/01/2000,10.25,10.67,10.21,10.58,9.36,4967100
10/01/2000,10.58,10.83,10.58,10.71,9.47,3171900
11/01/2000,11.0,11.33,10.96,11.04,9.77,5224200
12/01/2000,11.04,11.25,11.0,11.08,9.8,1955850
13/01/2000,10.92,10.96,10.71,10.71,9.47,2787750
14/01/2000,10.83,10.92,10.71,10.79,9.54,2140350
18/01/2000,10.62,10.67,10.46,10.5,9.29,3635700
19/01/2000,10.38,10.46,10.25,10.33,9.14,2875800
20/01/2000,10.25,10.29,10.04,10.08,8.92,3356550
21/01/2000,10.25,10.25,10.0,10.21,9.03,3174450
24/01/2000,10.08,10.25,10.08,10.08,8.92,3064050
25/01/2000,10.25,10.29,10.17,10.25,9.07,4117800
26/01/2000,10.33,10.5,10.33,10.38,9.18,3324300
27/01/2000,10.54,10.75,10.46,10.67,9.43,3115500
28/01/2000,10.38,10.67,10.38,10.46,9.25,2853150
31/01/2000,10.46,10.67,10.42,10.62,9.4,3591300
01/02/2000,10.58,10.71,10.38,10.46,9.25,5635650
02/02/2000,10.46,10.79,10.38,10.67,9.43,3649050
03/02/2000,10.79,10.79,10.58,10.58,9.36,2733600
04/02/2000,10.79,10.83,10.58,10.75,9.51,2754600
07/02/2000,10.83,10.88,10.71,10.79,9.54,2359800
08/02/2000,10.79,10.83,10.67,10.79,9.54,2560050
09/02/2000,10.71,10.79,10.67,10.67,9.43,3334800
10/02/2000,10.71,10.71,10.42,10.5,9.29,3782100
11/02/2000,10.5,10.54,10.08,10.29,9.1,4571400
14/02/2000,10.17,10.29,10.08,10.25,9.07,3789900
15/02/2000,10.25,10.38,10.08,10.33,9.14,4568400
16/02/2000,10.21,10.96,10.17,10.75,9.51,7750650
17/02/2000,10.75,10.96,10.67,10.92,9.66,4811850
18/02/2000,10.96,11.08,10.71,10.79,9.54,4742400
22/02/2000,10.83,11.21,10.83,10.96,9.69,4987500
23/02/2000,11.08,11.92,11.0,11.79,10.43,6440400
24/02/2000,11.96,11.96,11.33,11.62,10.28,5136000
25/02/2000,11.5,12.08,11.33,12.08,10.69,4131300
28/02/2000,11.92,12.08,11.58,11.79,10.43,2525400
29/02/2000,11.79,12.29,11.5,12.29,10.87,2841450
01/03/2000,12.17,12.17,11.88,12.17,10.76,2479350
02/03/2000,11.96,12.0,11.62,11.88,10.51,3307050
03/03/2000,12.0,12.12,11.88,12.04,10.65,3061650
06/03/2000,11.75,11.79,11.54,11.71,10.36,1802700
07/03/2000,11.42,11.54,10.62,11.0,9.73,3199950
08/03/2000,10.83,11.92,10.75,11.75,10.4,2966250
09/03/2000,11.96,12.38,11.83,12.12,10.73,4165650
10/03/2000,12.17,12.48,12.12,12.46,11.02,3063600
13/03/2000,12.17,12.62,11.92,12.62,11.17,2751150
14/03/2000,12.67,12.96,12.46,12.62,11.17,2849400
15/03/2000,12.62,13.25,12.58,13.0,11.5,4568100
16/03/2000,13.0,13.33,12.79,13.25,11.72,3268950
17/03/2000,13.25,13.33,12.67,13.33,11.8,3407550
20/03/2000,12.71,13.33,12.71,13.25,11.72,2671200
21/03/2000,13.29,13.5,13.17,13.46,11.91,2194200
22/03/2000,13.46,13.46,13.0,13.04,11.54,1931550
23/03/2000,12.92,13.58,12.88,13.54,11.98,2545200
24/03/2000,13.42,13.5,13.04,13.33,11.8,2242800
27/03/2000,13.21,13.42,13.0,13.08,11.58,2069250
28/03/2000,13.33,13.62,13.25,13.62,12.05,2548500
29/03/2000,13.67,13.92,13.25,13.42,11.87,2015100
30/03/2000,13.42,13.46,12.92,13.29,11.76,2015700
31/03/2000,13.33,13.88,13.0,13.88,12.28,3444300
03/04/2000,13.75,13.83,13.5,13.58,12.02,2561700
04/04/2000,13.83,14.0,13.33,13.58,12.02,3457950
05/04/2000,13.92,14.33,13.83,14.17,12.53,3707400
06/04/2000,14.29,14.46,14.12,14.21,12.57,3143850
07/04/2000,14.33,14.54,14.29,14.38,12.72,2088300
10/04/2000,14.46,14.62,14.42,14.58,12.9,2863200
11/04/2000,14.62,14.92,14.54,14.88,13.16,3275700
12/04/2000,14.83,14.96,14.17,14.29,12.64,3397650
13/04/2000,14.42,14.46,13.83,14.25,12.61,3216600
14/04/2000,14.0,14.08,13.12,13.88,12.28,3437250
17/04/2000,13.29,13.5,12.67,12.75,11.28,3259050
18/04/2000,13.0,13.33,12.88,13.21,11.69,2067600
19/04/2000,13.25,14.38,13.25,14.04,12.42,3430350
20/04/2000,14.21,14.5,14.08,14.21,12.57,2691900
24/04/2000,14.21,14.25,13.38,13.83,12.24,3433950
25/04/2000,14.04,14.12,13.83,13.96,12.35,2214150
26/04/2000,13.83,14.0,13.54,13.92,12.31,2572500
27/04/2000,13.62,14.17,13.62,14.0,12.39,2178300
28/04/2000,14.17,14.46,14.0,14.46,12.79,1732200
01/05/2000,14.46,14.67,14.29,14.58,12.9,2304600
02/05/2000,14.54,14.83,14.33,14.5,12.83,2376300
03/05/2000,14.33,14.42,14.25,14.38,12.72,1243950
04/05/2000,14.58,14.67,14.08,14.21,12.57,1505250
05/05/2000,14.12,14.54,14.08,14.29,12.64,1538850
08/05/2000,14.33,15.0,14.25,14.96,13.23,2431200
09/05/2000,15.04,15.17,14.67,14.67,12.98,2952750
10/05/2000,14.67,15.08,14.62,14.71,13.01,1881450
11/05/2000,14.88,14.96,14.5,14.67,12.98,1689750
12/05/2000,14.54,14.67,14.12,14.25,12.61,1757550
15/05/2000,14.42,14.5,13.96,14.04,12.42,2297100
16/05/2000,14.04,14.29,13.71,14.0,12.39,3129450
17/05/2000,13.92,14.5,13.83,14.38,12.72,1177650
18/05/2000,14.21,14.5,14.0,14.04,12.42,978300
19/05/2000,13.88,14.0,13.38,13.54,11.98,1482450
22/05/2000,13.42,13.54,13.12,13.5,11.94,1953300
23/05/2000,13.58,13.67,13.38,13.5,11.94,1280100
24/05/2000,14.04,14.17,13.25,13.5,11.94,2309850
25/05/2000,13.33,13.33,12.75,12.96,11.46,2793450
26/05/2000,13.0,13.25,12.71,12.75,11.28,1446000
30/05/2000,12.83,13.04,12.79,13.04,11.54,1176450
31/05/2000,13.08,13.25,12.75,12.79,11.32,1466400
01/06/2000,12.79,13.46,12.71,13.42,11.87,2377950
02/06/2000,13.5,13.83,13.08,13.29,11.76,1544400
05/06/2000,13.0,13.25,12.88,13.12,11.62,1048650
06/06/2000,13.42,13.42,12.88,13.04,11.54,1738800
07/06/2000,13.25,13.5,13.25,13.46,11.91,1133550
08/06/2000,13.38,13.5,13.25,13.42,11.87,870150
09/06/2000,13.38,13.79,13.38,13.67,12.09,1062750
12/06/2000,13.83,14.12,13.75,13.83,12.24,2028000
13/06/2000,13.71,13.88,13.62,13.75,12.17,1404150
14/06/2000,13.71,13.79,13.46,13.58,12.02,1264050
15/06/2000,13.46,13.46,12.92,13.21,11.69,1563750
16/06/2000,13.0,13.08,12.71,12.88,11.39,3008400
19/06/2000,12.96,13.17,12.92,13.04,11.54,1312200
20/06/2000,13.17,13.33,12.96,12.96,11.47,1881000
21/06/2000,13.08,13.17,12.88,13.04,11.54,1404750
22/06/2000,12.88,13.04,12.79,12.88,11.39,1146750
23/06/2000,12.92,12.96,12.67,12.71,11.25,1412100
26/06/2000,12.75,12.79,12.46,12.5,11.06,2529000
27/06/2000,12.38,13.29,12.38,13.0,11.5,2897100
28/06/2000,12.83,13.25,12.79,13.01,11.51,2044800
29/06/2000,12.83,13.04,12.58,12.83,11.36,1689750
30/06/2000,12.92,13.33,12.61,12.62,11.17,2471100
03/07/2000,12.83,13.0,12.75,12.96,11.47,610200
05/07/2000,13.29,13.58,13.17,13.42,11.87,2138700
06/07/2000,13.38,13.5,13.17,13.38,11.84,2168700
07/07/2000,13.46,13.54,13.25,13.29,11.76,2772300
10/07/2000,13.33,13.42,13.25,13.38,11.84,1884750
11/07/2000,13.17,13.33,12.92,13.12,11.62,1835400
12/07/2000,12.88,13.83,12.88,13.79,12.21,4628850
13/07/2000,14.0,14.08,13.5,13.54,11.98,3206700
14/07/2000,13.62,13.92,13.54,13.83,12.24,1565550
17/07/2000,13.92,14.29,13.88,14.08,12.46,2984400
18/07/2000,14.17,14.75,14.17,14.62,12.94,4472550
19/07/2000,14.92,14.92,14.33,14.33,12.68,5505750
20/07/2000,14.33,14.54,13.96,13.96,12.35,1772100
21/07/2000,14.08,14.71,14.0,14.67,12.98,3021000
24/07/2000,14.71,15.33,14.71,15.17,13.42,4465350
25/07/2000,15.25,15.83,15.08,15.21,13.46,4751100
26/07/2000,15.33,15.62,14.96,15.08,13.35,5568000
27/07/2000,15.25,15.33,15.12,15.29,13.53,3146850
28/07/2000,15.25,15.29,14.67,14.92,13.2,1773300
31/07/2000,14.83,15.79,14.83,15.75,13.94,3957150
01/08/2000,15.62,15.96,15.46,15.96,14.12,3570300
02/08/2000,15.88,15.92,15.62,15.71,13.9,2618550
03/08/2000,15.83,16.04,15.54,16.04,14.2,2139300
04/08/2000,16.08,16.29,15.88,16.21,14.34,2873700
07/08/2000,16.33,16.5,16.21,16.5,14.6,2785800
08/08/2000,16.5,16.62,16.17,16.25,14.38,2063100
09/08/2000,16.17,16.46,16.17,16.25,14.38,1957200
10/08/2000,16.38,16.42,16.08,16.12,14.27,1095000
11/08/2000,16.33,16.67,16.29,16.62,14.71,1960350
14/08/2000,16.42,16.5,16.17,16.29,14.42,2195100
15/08/2000,16.0,16.12,15.92,16.0,14.16,1696350
16/08/2000,16.0,16.29,15.88,16.25,14.38,2367450
17/08/2000,16.21,16.25,15.17,15.58,13.79,3879600
18/08/2000,15.42,16.04,15.42,15.75,13.94,1971600
21/08/2000,15.88,16.0,15.67,15.79,13.98,936000
22/08/2000,15.71,16.0,15.42,15.54,13.75,2059050
23/08/2000,15.38,15.58,15.33,15.42,13.64,3447750
24/08/2000,15.33,15.58,15.29,15.33,13.57,2468850
25/08/2000,15.33,15.83,15.33,15.67,13.86,1179150
28/08/2000,15.67,15.96,15.62,15.75,13.94,1364850
29/08/2000,15.71,15.71,15.12,15.29,13.53,1764600
30/08/2000,15.17,15.21,14.75,14.96,13.24,1999050
31/08/2000,15.0,15.38,14.92,15.09,13.36,1694700
01/09/2000,15.0,15.04,14.5,14.75,13.06,2146350
05/09/2000,14.83,15.33,14.79,15.25,13.5,2470650
06/09/2000,15.29,15.83,15.29,15.54,13.76,2085150
07/09/2000,15.58,15.62,15.29,15.38,13.61,1633500
08/09/2000,15.54,15.62,15.33,15.46,13.68,2236050
11/09/2000,15.42,15.42,14.75,14.88,13.17,2671350
12/09/2000,14.88,15.0,14.58,14.75,13.06,2893950
13/09/2000,14.88,15.12,14.75,15.0,13.28,3397350
14/09/2000,15.0,15.17,14.79,15.08,13.35,1919850
15/09/2000,14.79,15.17,14.79,15.08,13.35,2616600
18/09/2000,14.92,15.08,14.88,14.96,13.24,1784550
19/09/2000,14.96,15.12,14.42,15.04,13.32,3246900
20/09/2000,15.04,15.58,14.88,15.46,13.68,3347400
21/09/2000,15.46,15.96,15.25,15.33,13.57,4400400
22/09/2000,15.17,15.79,15.12,15.58,13.79,1795650
25/09/2000,15.79,15.92,15.46,15.75,13.94,1793850
26/09/2000,15.58,15.75,15.38,15.67,13.87,1324050
27/09/2000,15.54,15.92,15.46,15.88,14.05,1326150
28/09/2000,15.92,16.17,15.62,16.12,14.27,2378550
29/09/2000,16.21,16.33,15.83,16.17,14.31,2191800
02/10/2000,16.17,16.42,15.96,16.38,14.5,1641750
03/10/2000,16.38,17.42,16.38,17.0,15.05,5042400
04/10/2000,17.17,17.5,16.92,17.17,15.2,3689850
05/10/2000,17.17,17.83,16.92,17.54,15.53,3264900
06/10/2000,17.54,17.75,17.17,17.42,15.42,2749050
09/10/2000,17.25,17.58,17.08,17.21,15.23,1537950
10/10/2000,17.21,17.67,17.04,17.21,15.23,1474050
11/10/2000,16.79,17.08,16.42,16.88,14.94,2433900
12/10/2000,17.0,17.0,15.83,16.04,14.2,3206250
13/10/2000,15.96,16.29,15.75,16.21,14.35,1855050
16/10/2000,16.33,16.62,15.92,16.38,14.5,3225600
17/10/2000,16.67,17.21,16.62,17.0,15.05,2019600
18/10/2000,17.0,17.21,16.5,16.92,14.98,2276250
19/10/2000,16.92,17.71,16.92,17.58,15.57,2800800
20/10/2000,17.42,17.79,17.38,17.58,15.57,2332500
23/10/2000,17.46,17.96,17.29,17.38,15.38,2348850
24/10/2000,17.42,18.04,17.33,17.96,15.9,3133800
25/10/2000,17.67,17.88,17.58,17.71,15.68,1900950
26/10/2000,17.54,17.92,17.33,17.54,15.53,2457600
27/10/2000,17.54,18.0,17.42,17.96,15.9,1615650
30/10/2000,18.0,19.21,18.0,19.21,17.0,5441850
31/10/2000,19.0,19.21,18.5,19.0,16.82,3542700
01/11/2000,19.0,19.54,18.88,19.29,17.08,3368700
02/11/2000,19.29,19.33,18.83,19.12,16.93,2131350
03/11/2000,19.17,19.21,18.71,19.12,16.93,1732650
06/11/2000,19.29,19.96,19.21,19.67,17.41,2569950
07/11/2000,19.67,19.75,19.25,19.46,17.22,2422500
08/11/2000,19.42,19.92,19.17,19.71,17.45,1706400
09/11/2000,19.79,19.96,19.54,19.92,17.63,2907300
10/11/2000,19.83,19.92,19.42,19.5,17.26,1818000
13/11/2000,19.21,19.75,19.17,19.75,17.48,1543050
14/11/2000,19.67,20.0,19.62,19.92,17.63,1551300
15/11/2000,19.79,20.0,19.71,19.92,17.63,2268150
16/11/2000,19.79,19.96,19.67,19.71,17.45,902100
17/11/2000,19.83,20.04,19.58,19.67,17.41,1712100
20/11/2000,19.83,20.04,19.62,20.04,17.74,1306050
21/11/2000,20.08,21.54,20.08,21.5,19.03,4620150
22/11/2000,21.38,21.5,20.12,20.25,17.93,3986400
24/11/2000,20.42,20.54,20.25,20.38,18.04,1616250
27/11/2000,20.42,20.58,20.08,20.33,18.0,3343050
28/11/2000,20.17,20.67,20.04,20.67,18.29,3303900
29/11/2000,20.46,21.71,20.38,21.62,19.14,6972300
30/11/2000,21.58,21.83,20.75,21.04,18.63,3431850
01/12/2000,20.88,20.96,20.33,20.58,18.22,4420950
04/12/2000,20.25,20.57,20.0,20.52,18.17,2837850
05/12/2000,20.41,21.1,20.17,21.1,18.68,6888300
06/12/2000,21.09,21.33,20.7,21.03,18.62,2532900
07/12/2000,20.86,20.94,20.0,20.27,17.95,3152100
08/12/2000,20.27,21.46,20.27,21.26,18.82,5582850
11/12/2000,21.13,21.66,21.01,21.29,18.85,2868150
12/12/2000,21.12,21.71,21.09,21.19,18.76,1724850
13/12/2000,21.3,21.67,20.27,20.33,18.0,2982150
14/12/2000,20.49,20.49,19.23,19.9,17.62,4532400
15/12/2000,19.6,20.17,19.6,20.02,17.73,3871200
18/12/2000,20.4,20.91,20.21,20.79,18.41,2243100
19/12/2000,20.51,21.19,20.5,20.68,18.31,2715900
20/12/2000,20.52,20.59,19.33,19.71,17.45,2916450
21/12/2000,19.8,21.47,19.77,21.23,18.8,4213650
22/12/2000,21.17,21.61,21.0,21.17,18.74,1739100
26/12/2000,21.1,21.33,21.01,21.29,18.85,1398600
27/12/2000,21.7,22.92,21.7,22.67,20.07,3586500
28/12/2000,23.27,23.33,22.07,22.27,19.71,2549700
29/12/2000,22.67,23.29,22.3,22.35,19.79,2503950
02/01/2001,22.17,22.4,21.97,22.31,19.75,3792150
03/01/2001,22.0,22.0,21.17,21.91,19.4,6715200
04/01/2001,22.5,23.17,22.0,23.17,20.51,6138150
05/01/2001,23.03,23.27,22.03,23.27,20.6,6526500
08/01/2001,22.93,23.32,22.47,22.67,20.07,3504150
09/01/2001,22.07,22.52,21.25,21.35,18.9,5719350
10/01/2001,21.33,21.57,21.17,21.3,18.86,3559650
11/01/2001,21.3,21.33,20.47,20.57,18.21,4488750
12/01/2001,20.8,20.8,20.09,20.45,18.1,3910800
16/01/2001,20.45,20.45,19.52,19.88,17.6,4425750
17/01/2001,19.97,20.0,19.3,19.47,17.24,5130450
18/01/2001,19.57,20.17,19.53,19.92,17.64,5568450
19/01/2001,19.93,20.0,19.13,19.27,17.06,5468250
22/01/2001,19.33,19.53,18.79,18.95,16.78,4575450
23/01/2001,19.07,19.99,19.0,19.57,17.32,2933700
24/01/2001,19.73,19.73,18.89,19.06,16.88,2574300
25/01/2001,19.23,19.87,19.04,19.75,17.48,3832050
26/01/2001,19.75,20.4,19.75,19.96,17.67,3357300
29/01/2001,20.13,20.62,19.93,20.31,17.98,2627100
30/01/2001,20.31,20.59,19.97,20.37,18.03,2987400
31/01/2001,20.49,20.91,20.23,20.89,18.49,3886200
01/02/2001,21.4,21.6,20.92,21.57,19.1,3875700
02/02/2001,21.42,21.63,21.37,21.44,18.98,1929450
05/02/2001,21.57,21.59,20.79,21.14,18.72,2144400
06/02/2001,21.31,21.5,21.11,21.32,18.88,2783700
07/02/2001,21.36,21.42,21.08,21.32,18.88,1477500
08/02/2001,21.32,21.32,20.9,21.13,18.71,1343250
09/02/2001,20.83,21.07,20.37,20.67,18.3,1380900
12/02/2001,20.9,21.24,20.54,21.24,18.81,1814550
13/02/2001,21.2,21.57,21.05,21.46,19.0,1789050
14/02/2001,21.57,21.59,20.61,20.67,18.3,2279850
15/02/2001,20.7,21.56,20.7,21.0,18.59,3687000
16/02/2001,20.8,20.99,20.25,20.49,18.14,2314200
20/02/2001,20.8,20.85,20.25,20.26,17.94,3024200
21/02/2001,20.05,20.8,19.92,19.96,17.67,3336100
22/02/2001,19.97,20.04,19.53,19.6,17.35,4012600
23/02/2001,19.61,19.65,18.91,19.1,16.91,3697700
26/02/2001,19.35,19.72,19.16,19.3,17.09,3473300
27/02/2001,19.15,19.3,18.81,19.2,17.0,3536500
28/02/2001,19.35,19.39,18.5,18.6,16.47,2428000
01/03/2001,18.59,18.6,17.3,18.0,15.94,5464800
02/03/2001,17.9,18.45,17.75,18.0,15.94,4178000
05/03/2001,18.0,18.75,18.0,18.42,16.31,2461500
06/03/2001,18.74,19.08,18.35,18.73,16.59,3773700
07/03/2001,18.98,19.12,18.71,18.96,16.79,2163200
08/03/2001,18.7,18.71,17.98,18.44,16.33,4069100
09/03/2001,18.44,18.48,16.98,17.17,15.21,6295300
12/03/2001,17.07,17.15,16.6,16.76,14.84,2870400
13/03/2001,16.5,16.7,16.0,16.59,14.69,4373500
14/03/2001,16.2,16.74,16.01,16.7,14.79,3931600
15/03/2001,16.7,17.65,16.69,17.55,15.54,3558500
16/03/2001,17.55,18.3,17.5,17.89,15.84,4384600
19/03/2001,17.65,17.79,17.07,17.35,15.37,3694900
20/03/2001,17.35,17.64,17.01,17.05,15.1,2379400
21/03/2001,17.1,17.3,16.87,16.9,14.97,1495800
22/03/2001,17.05,17.12,16.25,16.65,14.75,2235800
23/03/2001,16.57,17.2,16.41,17.06,15.11,2357500
26/03/2001,17.4,18.1,17.2,18.0,15.94,2372000
27/03/2001,18.0,18.2,17.82,18.1,16.03,2369700
28/03/2001,17.95,18.09,17.5,17.55,15.54,1712100
29/03/2001,17.7,17.93,17.31,17.37,15.38,1540100
30/03/2001,17.5,17.85,17.3,17.75,15.72,1483800
02/04/2001,18.0,18.1,17.52,17.68,15.66,1441100
03/04/2001,17.53,17.91,17.1,17.38,15.39,1539300
04/04/2001,17.22,17.75,17.11,17.73,15.7,1881600
05/04/2001,18.0,18.5,17.95,18.45,16.34,2005300
06/04/2001,18.14,18.2,17.52,17.63,15.61,2405800
09/04/2001,17.95,18.2,17.49,17.67,15.65,1811700
10/04/2001,17.65,18.5,17.51,18.45,16.34,1932100
11/04/2001,18.28,18.51,18.0,18.11,16.04,1898200
12/04/2001,18.11,18.3,17.67,18.29,16.2,955200
16/04/2001,18.39,18.47,17.9,18.12,16.05,1424900
17/04/2001,17.95,18.24,17.53,17.59,15.58,2992900
18/04/2001,17.84,18.42,17.29,18.22,16.14,4684800
19/04/2001,17.98,19.61,17.8,19.1,16.92,4656600
20/04/2001,18.8,19.04,18.11,18.17,16.09,3483500
23/04/2001,18.7,18.7,18.11,18.34,16.24,2225900
24/04/2001,18.35,18.37,18.07,18.28,16.19,2574000
25/04/2001,18.05,18.34,17.95,18.1,16.03,1227200
26/04/2001,18.03,18.5,18.0,18.32,16.22,1713700
27/04/2001,18.45,18.52,18.2,18.42,16.31,1258800
30/04/2001,18.42,18.83,18.07,18.21,16.13,2915400
01/05/2001,18.11,18.21,18.0,18.12,16.05,2549300
02/05/2001,18.05,18.49,18.01,18.43,16.32,2109700
03/05/2001,18.43,18.74,18.21,18.6,16.47,1723100
04/05/2001,18.23,18.5,18.07,18.45,16.34,1794800
07/05/2001,18.2,18.5,18.18,18.5,16.38,1847200
08/05/2001,18.5,18.67,18.26,18.48,16.37,1789700
09/05/2001,18.55,18.65,18.34,18.45,16.34,1967900
10/05/2001,18.45,18.56,18.34,18.38,16.28,3111100
11/05/2001,18.4,18.5,18.0,18.0,15.94,2255600
14/05/2001,18.25,18.3,18.02,18.04,15.98,1941600
15/05/2001,18.01,18.1,17.9,18.0,15.94,2041600
16/05/2001,17.76,18.18,17.76,18.07,16.0,2015200
17/05/2001,18.05,18.23,17.8,17.8,15.76,3648300
18/05/2001,17.8,18.76,17.77,18.6,16.47,3400300
21/05/2001,18.4,18.97,18.28,18.81,16.66,2923100
22/05/2001,18.85,19.04,18.64,18.88,16.72,2229100
23/05/2001,19.17,19.25,19.0,19.11,16.92,2880300
24/05/2001,19.0,19.14,18.96,19.06,16.88,2162400
25/05/2001,19.0,19.35,18.81,19.23,17.03,1310700
29/05/2001,19.23,19.78,19.15,19.53,17.3,2101400
30/05/2001,19.65,19.78,19.26,19.39,17.17,1726000
31/05/2001,19.75,20.03,19.58,20.0,17.71,2720000
01/06/2001,19.52,19.53,19.08,19.27,17.07,3465300
04/06/2001,19.2,19.24,18.76,18.83,16.68,2195300
05/06/2001,18.83,18.99,18.64,18.75,16.61,2350400
06/06/2001,18.75,18.8,18.64,18.69,16.55,1768100
07/06/2001,18.62,18.68,18.43,18.64,16.51,2476000
08/06/2001,18.6,18.65,18.45,18.55,16.43,2141200
11/06/2001,18.5,18.5,18.01,18.01,15.95,2416900
12/06/2001,18.0,18.0,17.36,17.49,15.49,4487600
13/06/2001,17.48,17.62,17.35,17.5,15.5,3980300
14/06/2001,17.49,17.57,17.1,17.19,15.23,5755100
15/06/2001,17.03,17.29,16.9,17.0,15.06,3009100
18/06/2001,17.25,17.39,17.0,17.27,15.3,2231600
19/06/2001,17.04,17.27,16.95,17.02,15.08,2818600
20/06/2001,16.99,17.1,16.62,16.8,14.88,3860800
21/06/2001,16.8,17.54,16.55,17.47,15.47,2004400
22/06/2001,17.27,17.73,17.01,17.49,15.49,2002100
25/06/2001,17.39,17.5,17.1,17.13,15.17,1072600
26/06/2001,17.13,17.4,16.9,17.01,15.07,1946900
27/06/2001,17.1,17.52,17.03,17.32,15.34,1491300
28/06/2001,17.23,18.0,17.23,17.95,15.9,2373100
29/06/2001,17.74,18.49,17.5,18.49,16.38,3305600
02/07/2001,18.55,19.05,18.35,18.63,16.5,3401800
03/07/2001,18.52,19.01,18.5,18.88,16.72,1252900
05/07/2001,18.88,18.99,18.74,18.79,16.64,1392500
06/07/2001,18.94,18.94,18.09,18.32,16.23,1645200
09/07/2001,18.32,18.7,18.2,18.7,16.56,2003200
10/07/2001,18.6,18.74,18.42,18.5,16.39,1254000
11/07/2001,18.5,19.08,18.45,19.05,16.87,2357900
12/07/2001,19.25,19.89,19.0,19.81,17.55,2351500
13/07/2001,19.81,19.9,19.45,19.51,17.28,1727300
16/07/2001,19.51,19.91,19.38,19.6,17.36,2083700
17/07/2001,19.6,19.86,19.35,19.78,17.52,1370200
18/07/2001,19.92,19.93,19.29,19.5,17.27,2237100
19/07/2001,19.74,20.0,19.52,19.75,17.49,2241600
20/07/2001,19.65,19.75,19.34,19.41,17.19,1184500
23/07/2001,19.41,19.5,19.1,19.21,17.02,1013100
24/07/2001,19.13,19.45,18.76,18.94,16.78,1174600
25/07/2001,18.69,19.36,18.69,19.36,17.15,2144500
26/07/2001,19.11,19.79,19.05,19.7,17.45,1455900
27/07/2001,19.65,19.65,19.22,19.45,17.23,1423400
30/07/2001,19.39,19.52,19.13,19.26,17.06,1121400
31/07/2001,19.35,20.21,19.28,20.01,17.72,3021900
01/08/2001,19.9,20.23,19.77,19.88,17.61,2056300
02/08/2001,19.88,19.88,19.47,19.61,17.37,1174300
03/08/2001,19.5,19.62,19.35,19.49,17.26,1017100
06/08/2001,19.5,19.65,19.35,19.45,17.23,1111200
07/08/2001,19.46,19.57,19.2,19.4,17.18,787800
08/08/2001,19.27,19.57,19.13,19.26,17.06,902600
09/08/2001,19.03,19.15,18.5,18.5,16.39,2252500
10/08/2001,18.55,18.84,18.25,18.6,16.48,1961700
13/08/2001,18.5,18.59,18.11,18.16,16.09,2069800
14/08/2001,18.3,18.52,18.11,18.2,16.12,1696300
15/08/2001,18.2,18.22,17.63,17.63,15.62,1359700
16/08/2001,17.59,18.02,17.55,17.85,15.81,1820300
17/08/2001,17.83,17.83,17.52,17.63,15.62,941400
20/08/2001,18.1,18.54,17.83,18.5,16.39,1735800
21/08/2001,18.71,18.73,17.82,18.0,15.94,1394300
22/08/2001,17.9,18.15,17.76,17.9,15.86,1807000
23/08/2001,17.95,18.17,17.85,17.94,15.89,1061800
24/08/2001,17.9,18.68,17.84,18.6,16.48,1089600
27/08/2001,18.4,18.54,18.25,18.27,16.18,1035900
28/08/2001,18.02,18.32,17.7,18.2,16.12,1364300
29/08/2001,18.05,18.11,17.76,17.84,15.8,963100
30/08/2001,17.71,18.14,17.52,17.77,15.74,1875000
31/08/2001,17.65,18.15,17.62,17.89,15.85,1225900
04/09/2001,17.89,18.81,17.76,18.25,16.17,2026500
05/09/2001,18.05,18.06,17.58,17.78,15.75,2927600
06/09/2001,17.7,18.04,17.49,17.75,15.73,2255100
07/09/2001,17.53,17.85,16.93,16.94,15.01,2464200
10/09/2001,16.74,17.2,16.53,17.12,15.17,2309100
17/09/2001,11.25,14.0,11.25,13.0,11.52,30977900
18/09/2001,13.95,14.36,12.9,12.99,11.51,23183000
19/09/2001,13.5,13.84,12.7,12.83,11.37,11574600
20/09/2001,13.1,13.2,12.55,12.83,11.37,10990600
21/09/2001,12.52,13.92,12.3,13.6,12.05,10505800
24/09/2001,14.57,14.99,13.7,13.75,12.18,10786000
25/09/2001,14.02,14.4,13.99,14.06,12.46,5563800
26/09/2001,14.22,14.27,13.9,14.1,12.49,5059000
27/09/2001,14.2,14.21,13.72,13.99,12.4,4150700
28/09/2001,14.1,14.99,14.09,14.84,13.15,5041800
01/10/2001,14.9,15.06,14.52,14.64,12.97,3600400
02/10/2001,14.95,15.6,14.92,15.32,13.57,5492500
03/10/2001,15.32,15.99,15.32,15.79,13.99,5909700
04/10/2001,16.5,16.55,15.75,15.8,14.0,6691200
05/10/2001,15.84,16.05,15.1,15.48,13.72,3846900
08/10/2001,15.45,15.5,15.01,15.01,13.3,2275300
09/10/2001,15.3,15.36,15.0,15.12,13.4,2656700
10/10/2001,15.21,16.03,15.08,15.98,14.16,3147500
11/10/2001,16.39,16.6,15.9,16.1,14.26,4415800
12/10/2001,16.05,16.05,15.11,15.43,13.67,3767500
15/10/2001,15.45,15.63,15.12,15.33,13.58,2026600
16/10/2001,15.48,15.65,15.31,15.44,13.68,1546400
17/10/2001,15.79,15.79,15.12,15.18,13.45,3359400
18/10/2001,15.1,15.4,14.91,15.1,13.38,4926500
19/10/2001,15.17,15.2,14.88,15.03,13.32,2811000
22/10/2001,15.22,15.89,15.09,15.75,13.95,2704800
23/10/2001,16.0,16.24,15.85,15.91,14.1,4034900
24/10/2001,15.99,16.25,15.82,16.02,14.19,2478000
25/10/2001,16.04,16.49,15.78,16.45,14.57,3409000
26/10/2001,16.35,16.37,15.9,15.99,14.17,3191500
29/10/2001,15.85,16.06,15.76,16.0,14.18,2290500
30/10/2001,15.85,15.97,15.5,15.77,13.97,3228600
31/10/2001,15.8,16.06,15.71,15.9,14.09,2047600
01/11/2001,15.9,16.44,15.75,16.33,14.47,2421300
02/11/2001,16.25,16.49,16.13,16.31,14.45,2344300
05/11/2001,16.5,17.09,16.45,17.03,15.09,2885100
06/11/2001,17.0,17.45,16.64,17.22,15.26,3104100
07/11/2001,17.1,17.75,17.05,17.7,15.68,3239500
08/11/2001,17.51,17.86,17.25,17.62,15.61,3572600
09/11/2001,17.54,17.69,16.95,17.11,15.16,2074300
12/11/2001,16.59,16.9,15.55,16.73,14.82,6383700
13/11/2001,17.2,17.61,17.0,17.49,15.5,4679400
14/11/2001,17.62,17.98,17.52,17.98,15.93,2122200
15/11/2001,17.88,18.85,17.87,18.5,16.39,5093600
16/11/2001,18.95,18.95,18.2,18.32,16.23,5308500
19/11/2001,18.55,18.75,18.36,18.74,16.6,3272300
20/11/2001,18.5,18.6,18.07,18.18,16.11,2891800
21/11/2001,18.2,18.65,17.7,18.59,16.47,2434500
23/11/2001,18.59,18.75,18.51,18.65,16.52,1048000
26/11/2001,18.65,18.74,18.25,18.67,16.54,2266300
27/11/2001,18.73,18.97,18.41,18.76,16.62,3157300
28/11/2001,18.66,18.69,18.38,18.49,16.38,1794700
29/11/2001,18.39,18.59,18.29,18.59,16.47,2519000
30/11/2001,18.59,18.92,18.53,18.75,16.61,3016400
03/12/2001,18.7,18.7,18.38,18.5,16.4,2260600
04/12/2001,18.51,18.88,18.51,18.84,16.7,2966900
05/12/2001,18.9,19.52,18.79,19.4,17.19,3869000
06/12/2001,19.45,19.8,19.13,19.34,17.14,2238300
07/12/2001,19.09,19.77,19.09,19.53,17.31,2550700
10/12/2001,19.74,20.0,19.19,19.25,17.06,3196500
11/12/2001,19.06,19.3,18.49,18.98,16.82,2641100
12/12/2001,19.01,19.53,19.01,19.5,17.28,1919100
13/12/2001,19.4,19.41,18.92,18.97,16.81,1721200
14/12/2001,18.93,19.19,18.9,19.15,16.97,1880200
17/12/2001,19.11,19.29,18.54,18.84,16.7,2137200
18/12/2001,18.9,19.14,18.52,19.14,16.96,2218200
19/12/2001,19.14,19.22,18.9,19.08,16.91,1929500
20/12/2001,18.95,19.09,18.2,18.39,16.3,2970100
21/12/2001,18.77,19.13,18.5,18.83,16.69,3850500
24/12/2001,18.65,18.86,18.19,18.65,16.53,1136200
26/12/2001,18.68,18.9,18.53,18.57,16.46,1131300
27/12/2001,18.52,18.94,18.42,18.79,16.65,1961900
28/12/2001,18.79,18.87,18.52,18.75,16.62,1869500
31/12/2001,18.65,18.97,18.48,18.48,16.38,1765500
02/01/2002,18.25,18.62,18.17,18.25,16.17,2379600
03/01/2002,18.55,18.97,18.25,18.91,16.76,4381100
04/01/2002,18.85,19.19,18.62,19.11,16.94,3109100
07/01/2002,19.19,19.24,18.97,19.2,17.02,2200400
08/01/2002,18.8,19.19,18.71,18.85,16.71,2009000
09/01/2002,18.88,18.99,18.3,18.34,16.25,1741900
10/01/2002,18.4,18.69,18.0,18.01,15.96,2994300
11/01/2002,18.26,18.4,17.55,17.78,15.76,2378300
14/01/2002,17.61,17.95,17.5,17.66,15.65,3058000
15/01/2002,18.0,18.18,17.8,18.07,16.01,3146300
16/01/2002,17.96,18.03,17.62,17.66,15.65,2263000
17/01/2002,18.0,18.0,17.17,17.9,15.86,3415300
18/01/2002,17.6,17.95,17.6,17.84,15.81,2475800
22/01/2002,17.55,17.69,17.26,17.33,15.36,2707200
23/01/2002,17.33,18.25,17.21,17.99,15.94,2938700
24/01/2002,18.03,18.55,18.01,18.33,16.24,2612100
25/01/2002,18.27,18.34,18.1,18.29,16.21,1183300
28/01/2002,18.1,18.4,17.97,18.3,16.22,1747300
29/01/2002,18.59,18.85,18.13,18.23,16.16,2183400
30/01/2002,18.5,18.8,18.2,18.63,16.51,2587800
31/01/2002,18.73,18.94,18.55,18.94,16.79,1975900
01/02/2002,18.6,19.08,18.52,18.77,16.63,4876400
04/02/2002,18.58,18.71,18.27,18.57,16.46,2111700
05/02/2002,18.45,18.96,18.35,18.91,16.76,2130000
06/02/2002,18.85,18.93,18.5,18.52,16.41,1536500
07/02/2002,18.46,18.94,18.46,18.83,16.69,1632200
08/02/2002,18.93,18.98,18.74,18.94,16.79,1338300
11/02/2002,18.86,19.53,18.82,19.4,17.19,3087800
12/02/2002,19.05,19.24,18.9,19.08,16.91,1866700
13/02/2002,19.14,19.28,19.02,19.12,16.95,1191100
14/02/2002,19.2,20.0,19.18,20.0,17.73,3936200
15/02/2002,19.85,20.19,19.71,20.05,17.77,5284800
19/02/2002,20.0,20.37,19.95,20.28,17.97,2257200
20/02/2002,20.53,21.37,20.48,21.16,18.75,5048500
21/02/2002,21.5,21.94,21.08,21.27,18.85,5385900
22/02/2002,21.18,21.19,20.39,20.58,18.24,2728600
25/02/2002,20.66,21.3,20.58,20.8,18.43,3266900
26/02/2002,20.85,21.48,20.8,21.36,18.93,2186300
27/02/2002,21.5,22.0,21.4,21.99,19.49,2533200
28/02/2002,21.9,21.98,21.03,21.11,18.71,2862000
01/03/2002,21.05,21.41,20.66,20.8,18.44,4363500
04/03/2002,20.95,21.24,20.52,20.96,18.58,4763300
05/03/2002,20.4,20.49,20.1,20.27,17.97,4335700
06/03/2002,20.02,20.85,20.01,20.69,18.34,2241800
07/03/2002,20.54,20.62,19.55,19.68,17.45,4387500
08/03/2002,19.94,20.09,19.8,19.9,17.64,2084200
11/03/2002,19.96,20.56,19.6,20.45,18.13,3137100
12/03/2002,20.25,20.38,19.99,20.1,17.82,2038500
13/03/2002,20.05,20.09,19.77,19.95,17.68,2479900
14/03/2002,19.85,19.95,19.61,19.8,17.55,1919300
15/03/2002,20.0,20.24,19.78,19.98,17.71,2454700
18/03/2002,20.0,20.33,19.78,19.86,17.61,2014000
19/03/2002,19.95,20.0,19.0,19.06,16.9,3198300
20/03/2002,18.25,18.95,18.25,18.39,16.3,4039000
21/03/2002,18.75,19.22,18.66,19.05,16.89,2273400
22/03/2002,19.15,19.43,18.8,19.36,17.16,2066600
25/03/2002,19.47,19.47,18.26,18.3,16.22,2708700
26/03/2002,18.65,19.5,18.6,19.48,17.27,3133200
27/03/2002,19.4,19.62,19.05,19.2,17.02,2641300
28/03/2002,19.15,19.4,19.15,19.35,17.15,1372900
01/04/2002,18.85,19.07,18.72,18.81,16.67,1799700
02/04/2002,18.67,18.68,18.2,18.32,16.24,3086300
03/04/2002,18.5,18.7,18.33,18.44,16.35,1501200
04/04/2002,18.38,19.0,18.36,18.94,16.79,1591800
05/04/2002,18.94,19.17,18.5,18.51,16.41,2307400
08/04/2002,18.3,18.47,18.06,18.26,16.19,2874400
09/04/2002,18.38,18.5,18.18,18.48,16.38,2026600
10/04/2002,18.49,18.96,18.49,18.71,16.59,2726200
11/04/2002,18.85,18.87,18.26,18.34,16.26,1906500
12/04/2002,18.59,19.35,18.59,19.26,17.07,3634400
15/04/2002,19.2,19.24,18.3,18.5,16.4,2825900
16/04/2002,18.81,18.97,18.61,18.93,16.78,2085600
17/04/2002,18.93,19.04,18.75,19.0,16.84,1184600
18/04/2002,18.9,19.05,18.04,18.55,16.44,3714400
19/04/2002,18.55,18.93,18.55,18.93,16.78,2097800
22/04/2002,18.97,18.97,18.24,18.25,16.18,2383400
23/04/2002,18.2,18.21,17.86,18.07,16.02,5360500
24/04/2002,18.2,18.61,18.13,18.26,16.19,2197000
25/04/2002,18.21,18.45,17.82,18.39,16.3,3512600
26/04/2002,18.4,18.6,18.3,18.52,16.42,2584700
29/04/2002,18.45,18.59,18.15,18.22,16.15,2072800
30/04/2002,18.18,18.37,18.06,18.21,16.14,2034800
01/05/2002,18.14,18.69,17.96,18.62,16.51,3312300
02/05/2002,18.5,18.63,18.32,18.63,16.51,1837200
03/05/2002,18.51,18.58,17.72,17.73,15.72,3546400
06/05/2002,17.83,18.23,17.81,17.99,15.95,1798300
07/05/2002,17.99,18.1,17.81,17.84,15.81,2333800
08/05/2002,17.95,18.29,17.82,18.28,16.2,2598200
09/05/2002,18.2,18.21,17.62,17.68,15.67,2224900
10/05/2002,17.58,17.65,16.5,16.8,14.89,4349500
13/05/2002,17.23,17.48,17.07,17.18,15.23,2322100
14/05/2002,17.75,17.75,17.3,17.59,15.59,2112900
15/05/2002,17.55,17.98,17.4,17.91,15.88,2200900
16/05/2002,17.88,17.99,17.45,17.5,15.51,1431400
17/05/2002,17.41,17.77,17.33,17.63,15.63,1460600
20/05/2002,17.32,17.33,16.79,17.16,15.21,2223700
21/05/2002,17.18,17.31,16.52,16.55,14.67,2668900
22/05/2002,16.65,16.96,16.44,16.68,14.79,2571700
23/05/2002,16.68,17.11,16.56,17.02,15.09,2548300
24/05/2002,17.29,17.29,16.65,16.74,14.84,2676100
28/05/2002,16.95,17.18,16.85,17.01,15.08,1711500
29/05/2002,17.05,17.47,17.05,17.27,15.31,2151600
30/05/2002,17.17,17.27,16.7,16.74,14.84,2274100
31/05/2002,16.65,17.22,16.64,17.03,15.1,2748400
03/06/2002,17.1,17.1,16.45,16.45,14.59,2161800
04/06/2002,16.45,16.59,15.72,16.0,14.19,3242700
05/06/2002,16.05,16.77,15.9,16.71,14.82,2375200
06/06/2002,16.71,16.91,16.43,16.7,14.81,2325300
07/06/2002,16.72,17.0,16.51,16.96,15.04,2082600
10/06/2002,16.72,17.25,16.67,17.21,15.26,1902000
11/06/2002,17.29,17.48,16.92,17.05,15.12,1901000
12/06/2002,16.88,17.04,16.69,16.92,15.0,1901600
13/06/2002,16.75,17.1,16.56,16.68,14.79,1939700
14/06/2002,16.32,16.45,15.58,15.63,13.86,3641700
17/06/2002,15.85,16.35,15.8,15.94,14.13,2526500
18/06/2002,16.0,16.0,15.68,15.7,13.92,3235300
19/06/2002,15.5,15.6,15.15,15.15,13.43,5558100
20/06/2002,15.2,15.99,15.2,15.93,14.13,2700700
21/06/2002,15.25,16.3,15.25,16.25,14.41,3432900
24/06/2002,16.25,16.29,15.7,15.92,14.12,2115600
25/06/2002,15.92,16.07,15.26,15.28,13.55,2162100
26/06/2002,15.25,15.34,14.85,15.09,13.38,3348200
27/06/2002,15.7,15.75,15.1,15.63,13.86,2744400
28/06/2002,15.42,16.16,15.42,16.16,14.33,3932400
01/07/2002,16.06,16.08,15.42,15.43,13.68,1771000
02/07/2002,15.32,15.63,14.44,14.61,12.95,3318400
03/07/2002,14.5,14.95,14.2,14.56,12.91,2352700
05/07/2002,14.85,15.1,14.77,15.0,13.3,1654000
08/07/2002,15.01,15.3,14.91,14.93,13.24,2765000
09/07/2002,15.02,15.34,14.69,14.76,13.09,2404300
10/07/2002,14.76,14.91,14.1,14.11,12.51,2717700
11/07/2002,13.85,13.86,13.3,13.55,12.02,5040800
12/07/2002,13.6,13.96,13.26,13.8,12.24,3318000
15/07/2002,13.65,13.78,13.05,13.63,12.09,3315700
16/07/2002,13.66,14.2,13.61,13.75,12.19,3294800
17/07/2002,14.0,14.59,13.53,13.93,12.35,4029300
18/07/2002,13.9,13.98,13.15,13.28,11.78,4533700
19/07/2002,13.05,13.16,12.47,12.7,11.26,5615000
22/07/2002,12.65,12.7,11.55,11.67,10.35,4854200
23/07/2002,12.05,12.16,11.51,11.65,10.33,5040100
24/07/2002,11.45,12.25,10.9,11.81,10.47,7647200
25/07/2002,12.06,12.15,11.6,12.06,10.69,7184200
26/07/2002,12.15,12.72,12.12,12.13,10.76,4415700
29/07/2002,12.92,13.23,12.68,13.01,11.54,3823200
30/07/2002,13.17,13.8,13.02,13.42,11.9,3257600
31/07/2002,13.65,13.9,13.27,13.81,12.25,3608700
01/08/2002,13.63,13.8,13.24,13.4,11.88,2726400
02/08/2002,13.4,13.58,12.65,12.85,11.39,3139400
05/08/2002,12.6,12.85,12.34,12.5,11.08,4159700
06/08/2002,12.5,13.11,12.09,12.1,10.73,4755100
07/08/2002,12.15,12.4,11.97,12.34,10.94,3113400
08/08/2002,12.34,13.25,12.23,13.2,11.7,3340400
09/08/2002,13.02,13.5,12.86,13.26,11.76,1887200
12/08/2002,12.95,13.0,12.63,12.72,11.28,2090100
13/08/2002,12.73,13.22,12.54,12.6,11.17,3072000
14/08/2002,12.57,12.57,11.11,11.73,10.4,12484600
15/08/2002,12.0,12.57,11.49,11.94,10.59,6290300
16/08/2002,12.45,13.01,12.11,12.85,11.39,3969500
19/08/2002,12.53,13.15,12.52,13.15,11.66,3568700
20/08/2002,13.25,13.55,12.83,13.45,11.93,3226600
21/08/2002,13.71,14.85,13.7,14.85,13.17,7380700
22/08/2002,14.8,15.3,14.3,15.23,13.5,6090800
23/08/2002,15.1,15.14,14.6,14.68,13.02,2669200
26/08/2002,14.65,14.95,14.42,14.88,13.19,2169600
27/08/2002,14.89,15.06,14.48,14.57,12.92,2202600
28/08/2002,14.52,14.52,13.99,14.34,12.72,3642000
29/08/2002,14.05,14.75,13.85,14.52,12.88,2872500
30/08/2002,14.23,14.56,14.11,14.21,12.6,2215400
03/09/2002,13.97,14.17,13.75,13.94,12.37,3137100
04/09/2002,13.59,14.3,13.45,14.29,12.68,4629200
05/09/2002,14.01,14.05,13.65,13.97,12.39,3066700
06/09/2002,14.05,14.19,13.9,14.08,12.49,1948200
09/09/2002,13.98,14.37,13.71,14.32,12.7,1491100
10/09/2002,14.22,14.47,13.97,14.27,12.66,1659200
11/09/2002,14.49,14.5,14.19,14.25,12.64,1368900
12/09/2002,13.85,14.05,13.75,13.8,12.24,1611100
13/09/2002,13.5,13.86,13.09,13.85,12.29,2994100
16/09/2002,13.8,13.91,13.4,13.91,12.34,1690500
17/09/2002,14.3,14.37,13.81,14.25,12.64,4536900
18/09/2002,14.0,14.04,13.6,13.78,12.22,2924400
19/09/2002,13.55,13.94,13.49,13.75,12.2,2465800
20/09/2002,13.76,13.93,13.41,13.84,12.28,3004500
23/09/2002,13.74,13.74,13.14,13.51,11.98,2800300
24/09/2002,13.15,13.33,12.43,12.5,11.09,3100000
25/09/2002,12.55,13.36,12.54,13.27,11.77,3095200
26/09/2002,13.2,13.88,13.14,13.85,12.29,2093500
27/09/2002,13.75,13.94,12.65,12.73,11.29,2981800
30/09/2002,12.52,13.06,12.29,13.06,11.58,2387800
01/10/2002,13.09,13.47,12.88,13.43,11.91,2967100
02/10/2002,13.4,13.48,12.44,12.44,11.03,3359600
03/10/2002,12.46,13.0,12.46,12.54,11.12,2607700
04/10/2002,12.9,12.9,12.11,12.48,11.07,2089500
07/10/2002,12.48,12.8,11.99,12.14,10.77,2406000
08/10/2002,12.14,12.34,11.9,12.22,10.84,2079700
09/10/2002,12.13,12.22,11.51,11.6,10.29,2909300
10/10/2002,11.65,12.49,11.23,12.45,11.04,3049600
11/10/2002,12.74,13.2,12.62,13.0,11.53,2713400
14/10/2002,12.77,13.2,12.66,12.81,11.36,1641100
15/10/2002,13.2,13.75,13.02,13.7,12.15,3612400
16/10/2002,13.55,13.69,13.0,13.3,11.8,3843600
17/10/2002,13.8,14.52,13.75,14.48,12.84,3598200
18/10/2002,14.0,14.06,13.7,13.95,12.37,4280700
21/10/2002,14.0,14.6,13.85,14.5,12.86,4737400
22/10/2002,14.3,15.03,14.21,14.8,13.13,3780200
23/10/2002,14.73,15.0,14.71,14.96,13.27,2759800
24/10/2002,15.0,15.53,14.78,14.86,13.18,5052700
25/10/2002,14.99,15.66,14.91,15.65,13.88,3418900
28/10/2002,15.73,15.85,15.37,15.4,13.66,3052500
29/10/2002,15.33,15.48,14.6,14.72,13.06,2434000
30/10/2002,14.82,14.99,14.53,14.74,13.07,2677200
31/10/2002,14.98,15.13,14.5,14.6,12.95,2047800
01/11/2002,14.05,14.97,14.03,14.79,13.12,3336300
04/11/2002,15.03,15.32,14.78,14.87,13.19,3860700
05/11/2002,15.0,15.2,14.8,15.2,13.48,2106000
06/11/2002,15.15,15.9,14.9,15.9,14.1,3203100
07/11/2002,15.75,15.84,15.25,15.3,13.57,3253000
08/11/2002,15.4,15.45,14.89,15.03,13.33,1854400
11/11/2002,15.04,15.37,14.77,14.85,13.17,1702700
12/11/2002,14.84,15.12,14.79,14.91,13.23,1456700
13/11/2002,14.83,15.29,14.55,14.86,13.18,2169600
14/11/2002,15.0,15.25,14.92,15.25,13.53,1580200
15/11/2002,15.01,15.24,14.83,15.17,13.46,2112100
18/11/2002,15.25,15.56,15.24,15.55,13.79,2012700
19/11/2002,15.4,15.41,14.95,15.03,13.33,2266500
20/11/2002,15.0,15.22,14.85,15.0,13.31,1662900
21/11/2002,15.1,15.89,15.1,15.83,14.04,2210100
22/11/2002,15.84,16.0,15.63,15.63,13.86,3202400
25/11/2002,15.9,16.15,15.75,15.95,14.15,2239400
26/11/2002,15.8,16.03,15.65,15.8,14.01,1797700
27/11/2002,15.81,16.45,15.81,16.45,14.59,1826100
29/11/2002,16.46,16.7,16.21,16.7,14.81,1526300
02/12/2002,16.5,16.63,16.14,16.25,14.41,1890600
03/12/2002,16.08,16.17,15.85,15.92,14.12,2410700
04/12/2002,15.93,16.02,15.6,15.6,13.84,3860800
05/12/2002,15.33,16.21,15.25,16.15,14.33,3430400
06/12/2002,15.9,16.49,15.7,16.27,14.43,2303300
09/12/2002,16.2,16.39,15.92,16.0,14.2,2112100
10/12/2002,15.97,16.22,15.9,16.2,14.37,1309800
11/12/2002,15.95,16.13,15.79,16.13,14.31,1831400
12/12/2002,16.0,16.21,15.85,15.89,14.1,1145900
13/12/2002,15.75,15.75,15.1,15.14,13.43,3106800
16/12/2002,15.03,15.25,15.01,15.18,13.47,3015200
17/12/2002,15.1,15.3,15.0,15.05,13.35,1464100
18/12/2002,15.03,15.11,14.6,14.67,13.02,2355200
19/12/2002,14.63,14.98,14.1,14.28,12.67,2374200
20/12/2002,14.3,14.93,14.27,14.57,12.93,2782900
23/12/2002,14.3,14.5,14.22,14.32,12.71,1978300
24/12/2002,14.11,14.36,14.11,14.21,12.61,801200
26/12/2002,14.31,14.74,14.12,14.2,12.6,1246300
27/12/2002,14.21,14.23,13.92,13.99,12.41,1208100
30/12/2002,13.89,14.0,13.63,13.8,12.24,2064100
31/12/2002,13.8,13.96,13.65,13.9,12.33,2656000
02/01/2003,14.1,14.23,13.83,14.2,12.6,2082700
03/01/2003,14.2,14.42,14.12,14.35,12.73,1435000
06/01/2003,14.18,14.56,14.14,14.53,12.89,1836800
07/01/2003,14.27,14.45,14.21,14.38,12.76,1594300
08/01/2003,14.32,14.42,14.0,14.08,12.49,1494200
09/01/2003,14.06,14.44,14.06,14.32,12.71,1409000
10/01/2003,14.32,14.43,14.12,14.33,12.71,1599000
13/01/2003,14.29,14.5,14.18,14.3,12.69,1135100
14/01/2003,14.2,14.4,14.07,14.35,12.73,1444200
15/01/2003,14.4,14.45,13.86,13.95,12.38,1803900
16/01/2003,14.0,14.2,13.83,13.83,12.27,1858900
17/01/2003,13.77,13.82,13.38,13.53,12.01,1460700
21/01/2003,13.58,13.67,12.77,12.83,11.38,3333900
22/01/2003,12.93,13.15,12.25,12.3,10.91,4243600
23/01/2003,13.05,13.48,12.9,13.45,11.93,3708100
24/01/2003,13.29,13.38,12.75,13.02,11.55,2708600
27/01/2003,12.75,13.2,12.63,12.82,11.38,2730800
28/01/2003,12.96,13.2,12.86,13.2,11.71,1890500
29/01/2003,13.0,13.5,12.94,13.49,11.97,2857200
30/01/2003,13.5,13.5,13.01,13.1,11.62,2007200
31/01/2003,13.1,13.14,12.85,13.05,11.58,2001600
03/02/2003,13.05,13.05,12.46,12.67,11.24,3966200
04/02/2003,12.62,12.91,12.41,12.83,11.38,3320200
05/02/2003,12.83,13.2,12.76,13.04,11.57,2420400
06/02/2003,12.94,13.06,12.76,12.94,11.48,1867600
07/02/2003,13.0,13.1,12.58,12.63,11.21,1840600
10/02/2003,12.57,12.84,12.47,12.84,11.39,1439300
11/02/2003,12.94,13.06,12.69,12.84,11.39,2205500
12/02/2003,12.7,12.85,12.27,12.71,11.28,1466400
13/02/2003,12.52,12.61,12.05,12.38,10.98,2482200
14/02/2003,12.37,12.7,12.2,12.61,11.19,1793500
18/02/2003,12.61,12.79,12.5,12.79,11.35,1679300
19/02/2003,12.69,12.73,12.42,12.49,11.08,2225700
20/02/2003,12.45,12.48,12.16,12.25,10.87,1461300
21/02/2003,12.3,12.39,12.09,12.33,10.94,1637600
24/02/2003,12.29,12.29,11.99,12.04,10.68,1860200
25/02/2003,12.0,12.28,11.72,12.25,10.87,3009700
26/02/2003,12.26,12.33,11.97,12.33,10.94,1982600
27/02/2003,12.36,12.42,12.0,12.05,10.69,1830800
28/02/2003,12.1,12.23,12.01,12.07,10.71,1409000
03/03/2003,12.16,12.6,12.16,12.56,11.14,2413300
04/03/2003,12.45,12.58,12.24,12.33,10.94,2437900
05/03/2003,12.3,12.6,12.24,12.4,11.01,1826500
06/03/2003,12.4,12.57,12.27,12.48,11.08,1851900
07/03/2003,12.48,13.56,12.37,13.51,11.99,4876000
10/03/2003,13.41,13.41,12.93,13.01,11.55,3758600
11/03/2003,12.91,12.98,12.41,12.51,11.1,2355000
12/03/2003,12.5,12.89,12.45,12.89,11.44,2552000
13/03/2003,13.3,13.49,13.05,13.49,11.97,2292700
14/03/2003,13.48,13.8,13.35,13.38,11.88,3116300
17/03/2003,13.28,13.87,13.06,13.65,12.12,3274900
18/03/2003,13.75,14.2,13.75,14.18,12.59,3566800
19/03/2003,14.18,14.33,13.8,14.27,12.67,3723500
20/03/2003,14.27,14.35,13.86,14.24,12.64,2474500
21/03/2003,14.49,15.33,14.35,15.28,13.56,4311700
24/03/2003,14.65,14.65,14.25,14.39,12.77,2770300
25/03/2003,14.3,15.2,14.3,15.12,13.42,4112700
26/03/2003,15.0,15.15,14.52,14.61,12.97,1943700
27/03/2003,14.61,14.74,14.22,14.33,12.72,2634000
28/03/2003,14.33,14.4,14.09,14.3,12.69,1666900
31/03/2003,14.05,14.62,13.77,14.36,12.75,2302900
01/04/2003,14.37,14.57,14.09,14.18,12.59,1978900
02/04/2003,14.25,15.06,14.25,15.02,13.33,2619400
03/04/2003,15.0,15.0,14.52,14.68,13.03,2381600
04/04/2003,14.71,15.07,14.71,14.93,13.25,1550900
07/04/2003,15.3,15.53,15.1,15.15,13.45,3255200
08/04/2003,15.16,15.19,14.79,14.82,13.15,1630000
09/04/2003,14.9,15.19,14.75,14.81,13.15,1628200
10/04/2003,14.71,14.81,14.4,14.54,12.91,2765900
11/04/2003,14.64,14.89,14.51,14.7,13.05,1389300
14/04/2003,14.7,14.97,14.63,14.93,13.25,1305600
15/04/2003,14.99,15.47,14.85,15.39,13.66,2459700
16/04/2003,15.43,15.57,15.09,15.25,13.54,2211000
17/04/2003,15.2,15.52,15.19,15.52,13.78,1713400
21/04/2003,15.51,16.06,15.09,15.16,13.46,2360500
22/04/2003,15.16,15.68,14.92,15.67,13.91,2179400
23/04/2003,15.26,15.52,15.19,15.4,13.67,2768000
24/04/2003,15.45,15.46,15.16,15.31,13.59,2798200
25/04/2003,15.28,15.4,15.1,15.11,13.41,2435100
28/04/2003,15.25,15.8,15.21,15.7,13.94,2177700
29/04/2003,15.6,15.95,15.5,15.78,14.01,2599800
30/04/2003,15.89,16.11,15.81,15.96,14.17,3580500
01/05/2003,15.91,16.04,15.65,15.95,14.16,2024500
02/05/2003,15.97,16.84,15.97,16.75,14.87,4773000
05/05/2003,16.8,16.9,16.44,16.52,14.66,3000700
06/05/2003,16.5,16.69,16.25,16.37,14.53,2811200
07/05/2003,16.37,16.4,15.96,15.96,14.17,2535800
08/05/2003,15.79,16.26,15.7,15.94,14.15,2331300
09/05/2003,15.93,16.01,15.72,15.97,14.18,1409400
12/05/2003,15.91,16.24,15.82,16.15,14.34,1440600
13/05/2003,16.15,16.15,15.89,15.93,14.14,2046300
14/05/2003,15.99,16.05,15.68,15.78,14.01,1917000
15/05/2003,15.79,15.9,15.66,15.76,13.99,2059000
16/05/2003,15.76,16.05,15.65,16.05,14.25,1869200
19/05/2003,15.8,15.84,15.38,15.48,13.74,1984900
20/05/2003,15.43,15.52,15.14,15.35,13.63,2101500
21/05/2003,15.09,15.3,14.96,15.0,13.31,2937800
22/05/2003,15.03,15.25,15.0,15.19,13.48,2697400
23/05/2003,15.24,15.45,15.1,15.4,13.67,1221200
27/05/2003,15.3,16.1,15.29,16.1,14.29,3292900
28/05/2003,15.91,16.07,15.79,15.89,14.1,2204900
29/05/2003,15.89,16.1,15.8,15.86,14.08,1996900
30/05/2003,15.85,16.23,15.82,16.07,14.26,2545400
02/06/2003,16.2,16.35,16.05,16.17,14.36,2304300
03/06/2003,16.09,16.18,16.01,16.08,14.28,1684500
04/06/2003,16.02,16.38,16.01,16.35,14.52,2739800
05/06/2003,16.1,16.25,16.08,16.2,14.38,2373100
06/06/2003,16.45,16.61,16.36,16.53,14.68,3663000
09/06/2003,16.4,16.61,16.36,16.51,14.66,2719600
10/06/2003,16.4,16.68,16.4,16.51,14.66,1897900
11/06/2003,16.51,16.95,16.41,16.91,15.01,2155100
12/06/2003,16.86,17.0,16.76,16.99,15.09,3065100
13/06/2003,17.03,17.22,16.91,17.02,15.11,2573900
16/06/2003,17.1,17.34,17.09,17.34,15.4,2279900
17/06/2003,17.25,17.32,17.09,17.15,15.23,2658300
18/06/2003,17.1,17.23,17.02,17.14,15.22,2838300
19/06/2003,17.08,17.2,16.78,16.91,15.01,2140800
20/06/2003,17.1,17.25,16.91,17.24,15.31,2730900
23/06/2003,17.05,17.21,16.77,16.85,14.96,2976500
24/06/2003,16.83,17.01,16.76,16.97,15.07,2487100
25/06/2003,16.97,17.38,16.89,17.12,15.2,3147300
26/06/2003,17.17,17.6,17.09,17.49,15.53,2758600
27/06/2003,17.5,17.7,17.38,17.43,15.48,2260300
30/06/2003,17.43,17.52,16.91,17.2,15.27,3194200
01/07/2003,17.1,17.2,16.83,17.13,15.21,2312400
02/07/2003,17.0,17.4,16.91,17.36,15.41,1891400
03/07/2003,17.15,17.36,17.0,17.14,15.22,1053200
07/07/2003,17.2,17.74,17.19,17.73,15.74,2463700
08/07/2003,17.64,18.2,17.59,18.15,16.12,3318000
09/07/2003,18.0,18.25,17.94,18.23,16.19,2671700
10/07/2003,18.05,18.23,17.93,18.03,16.01,2487600
11/07/2003,18.03,18.03,17.02,17.66,15.68,5086900
14/07/2003,17.66,17.7,17.42,17.55,15.58,2814300
15/07/2003,17.4,17.49,16.8,16.93,15.03,3617900
16/07/2003,16.93,17.1,16.61,17.1,15.18,3485000
17/07/2003,17.01,17.2,16.7,16.81,14.93,1967200
18/07/2003,16.82,17.01,16.44,16.99,15.09,1920800
21/07/2003,17.2,17.71,16.7,16.98,15.08,2588400
22/07/2003,17.1,17.19,16.82,16.9,15.01,2141800
23/07/2003,17.0,17.02,16.69,16.73,14.86,1770200
24/07/2003,16.85,17.0,16.6,16.63,14.77,2274300
25/07/2003,16.6,17.02,16.6,17.0,15.09,2042900
28/07/2003,17.0,17.1,16.9,17.04,15.13,2603600
29/07/2003,17.03,17.09,16.85,16.94,15.04,3011300
30/07/2003,16.96,16.96,16.2,16.28,14.46,2507000
31/07/2003,16.45,16.86,16.2,16.41,14.57,2915400
01/08/2003,16.3,16.45,15.86,16.28,14.46,3147000
04/08/2003,16.27,16.5,16.01,16.42,14.58,3033000
05/08/2003,16.3,16.39,16.1,16.13,14.32,2410000
06/08/2003,16.13,16.5,16.03,16.43,14.59,2298900
07/08/2003,16.27,16.58,16.26,16.52,14.67,2641300
08/08/2003,16.56,16.88,16.42,16.81,14.93,1540100
11/08/2003,16.89,17.0,16.7,16.95,15.05,1439000
12/08/2003,16.93,16.93,16.5,16.84,14.95,1268700
13/08/2003,16.9,16.91,16.61,16.8,14.92,1000300
14/08/2003,16.92,17.0,16.81,17.0,15.09,1805800
15/08/2003,17.0,17.0,16.76,16.92,15.02,798200
18/08/2003,16.97,17.04,16.9,17.0,15.09,1971000
19/08/2003,16.97,17.08,16.82,17.05,15.14,1716600
20/08/2003,16.95,17.18,16.92,16.95,15.05,2133600
21/08/2003,17.0,17.26,16.98,17.23,15.3,3192800
22/08/2003,17.33,17.5,17.07,17.16,15.24,3419300
25/08/2003,17.14,17.32,17.02,17.13,15.21,1373700
26/08/2003,17.13,17.27,16.98,17.17,15.25,1963200
27/08/2003,17.09,17.23,16.9,16.99,15.09,2072900
28/08/2003,17.05,17.09,16.7,16.9,15.01,2368500
29/08/2003,16.93,17.11,16.8,17.09,15.18,1662200
02/09/2003,16.77,17.33,16.77,17.24,15.31,3233500
03/09/2003,17.05,17.6,17.05,17.5,15.54,4515800
04/09/2003,17.5,17.7,17.39,17.65,15.68,3351800
05/09/2003,17.6,18.09,17.48,18.0,15.99,4385800
08/09/2003,18.01,18.13,17.85,17.91,15.91,1844400
09/09/2003,17.91,18.01,17.45,17.52,15.56,2903100
10/09/2003,18.0,18.29,17.91,18.0,15.99,5445700
11/09/2003,18.0,18.39,17.9,18.36,16.31,2942900
12/09/2003,18.32,18.59,18.28,18.58,16.5,3712800
15/09/2003,18.67,18.95,18.6,18.78,16.68,3579400
16/09/2003,18.65,18.99,18.65,18.72,16.63,3645300
17/09/2003,18.65,18.84,18.5,18.52,16.45,1742200
18/09/2003,18.51,18.75,18.45,18.67,16.58,2552300
19/09/2003,18.65,18.66,18.23,18.5,16.43,3176100
22/09/2003,18.27,18.27,17.86,18.17,16.14,2443700
23/09/2003,18.12,18.3,17.95,18.2,16.17,2018700
24/09/2003,18.3,18.5,18.12,18.18,16.15,3141800
25/09/2003,18.13,18.2,17.86,17.87,15.87,1865900
26/09/2003,17.82,17.86,17.58,17.61,15.64,1666800
29/09/2003,17.57,17.9,17.3,17.83,15.84,2187000
30/09/2003,17.88,17.94,17.26,17.7,15.72,2421500
01/10/2003,17.7,18.06,17.65,18.02,16.01,2657600
02/10/2003,18.06,18.25,18.0,18.08,16.06,2089000
03/10/2003,18.3,18.61,18.25,18.34,16.29,4930300
06/10/2003,18.39,18.75,18.33,18.71,16.62,2480400
07/10/2003,18.71,18.77,18.57,18.76,16.66,2440500
08/10/2003,18.7,18.79,18.49,18.75,16.65,1140800
09/10/2003,18.88,19.69,18.8,19.54,17.36,6078600
10/10/2003,19.01,19.39,18.47,18.49,16.42,4093400
13/10/2003,18.7,18.99,18.7,18.86,16.75,1466400
14/10/2003,18.75,18.83,18.57,18.7,16.61,1510300
15/10/2003,18.69,18.95,18.5,18.6,16.52,2112900
16/10/2003,18.6,18.84,18.5,18.62,16.54,1383500
17/10/2003,18.64,18.71,18.25,18.4,16.34,1999200
20/10/2003,18.55,18.99,18.4,18.99,16.87,3148200
21/10/2003,19.15,19.45,18.84,19.28,17.12,4369900
22/10/2003,19.05,19.2,18.89,19.0,16.88,3329700
23/10/2003,18.95,19.04,18.62,18.74,16.64,2412500
24/10/2003,18.6,18.6,18.31,18.5,16.43,1700300
27/10/2003,18.51,18.92,18.51,18.83,16.72,1688900
28/10/2003,18.84,19.21,18.84,19.21,17.06,2829900
29/10/2003,19.05,19.19,18.95,19.16,17.02,1724000
30/10/2003,19.21,19.35,18.99,19.22,17.07,1421700
31/10/2003,19.25,19.45,19.16,19.4,17.23,2082300
03/11/2003,19.25,19.38,18.76,18.85,16.74,2242500
04/11/2003,18.55,18.88,18.54,18.58,16.5,1522000
05/11/2003,18.5,18.73,18.42,18.58,16.5,1902300
06/11/2003,18.58,18.79,18.41,18.77,16.67,1710300
07/11/2003,18.76,18.9,18.61,18.74,16.64,1671300
10/11/2003,18.63,18.8,18.27,18.61,16.53,3008100
11/11/2003,18.49,18.53,18.32,18.41,16.35,1551400
12/11/2003,18.39,18.95,18.39,18.93,16.81,3115000
13/11/2003,18.83,18.92,18.53,18.84,16.73,1675000
14/11/2003,18.7,18.88,18.55,18.69,16.6,1823900
17/11/2003,18.7,18.7,17.91,18.13,16.1,2159700
18/11/2003,18.15,18.19,17.5,17.52,15.56,3301800
19/11/2003,17.6,17.6,17.13,17.37,15.43,3586100
20/11/2003,17.1,17.5,16.66,17.34,15.4,3681900
21/11/2003,17.48,17.62,17.24,17.4,15.45,2045200
24/11/2003,17.58,18.1,17.53,18.08,16.06,3211900
25/11/2003,17.9,18.14,17.8,17.92,15.92,1916200
26/11/2003,18.1,18.14,17.53,18.06,16.04,1987600
28/11/2003,18.01,18.14,17.97,17.98,15.97,823500
01/12/2003,18.12,18.5,18.0,18.44,16.38,2236300
02/12/2003,18.55,18.57,17.81,17.93,15.93,3559000
03/12/2003,17.91,18.26,17.78,17.82,15.83,2017500
04/12/2003,17.77,17.77,16.38,16.6,14.75,10961600
05/12/2003,16.0,16.5,15.52,15.59,13.85,10486000
08/12/2003,15.7,15.93,15.56,15.82,14.06,5793100
09/12/2003,15.95,16.0,15.58,15.7,13.95,4857000
10/12/2003,16.16,16.18,15.62,15.7,13.95,4014900
11/12/2003,15.72,16.1,15.72,16.0,14.21,3330400
12/12/2003,16.05,16.12,15.84,15.89,14.12,3227400
15/12/2003,16.15,16.3,15.7,15.73,13.98,2705100
16/12/2003,15.65,15.9,15.3,15.84,14.07,4042900
17/12/2003,15.77,15.92,15.54,15.9,14.13,2358000
18/12/2003,15.89,16.18,15.74,16.13,14.33,2643000
19/12/2003,16.22,16.22,15.9,15.96,14.18,2505600
22/12/2003,15.95,16.2,15.65,16.17,14.37,2415800
23/12/2003,15.85,16.26,15.85,16.12,14.32,2694800
24/12/2003,16.0,16.18,15.83,15.83,14.06,1034700
26/12/2003,15.8,15.93,15.77,15.85,14.08,752600
29/12/2003,15.9,16.05,15.76,16.02,14.23,2131600
30/12/2003,15.9,16.06,15.88,16.06,14.27,1776900
31/12/2003,16.01,16.19,16.01,16.14,14.34,1860500
02/01/2004,16.22,16.4,15.83,15.94,14.16,2320400
05/01/2004,15.94,15.99,15.83,15.99,14.21,4462800
06/01/2004,15.9,16.25,15.9,16.24,14.43,5223800
07/01/2004,16.25,16.6,16.22,16.56,14.71,4899200
08/01/2004,16.55,16.55,16.0,16.05,14.26,4450600
09/01/2004,15.91,15.92,15.26,15.28,13.58,8170500
12/01/2004,15.4,15.57,15.2,15.32,13.61,3132200
13/01/2004,15.31,15.37,15.25,15.35,13.64,3322900
14/01/2004,15.36,15.63,15.31,15.49,13.76,4160800
15/01/2004,15.48,15.61,15.37,15.49,13.76,3235600
16/01/2004,15.58,15.63,15.5,15.57,13.83,3299500
20/01/2004,15.5,15.55,15.06,15.13,13.44,4926700
21/01/2004,15.12,15.22,14.8,15.1,13.42,7618400
22/01/2004,15.37,15.7,15.25,15.49,13.76,8575300
23/01/2004,15.64,15.71,15.32,15.71,13.96,7252500
26/01/2004,15.6,15.7,15.33,15.55,13.82,4579200
27/01/2004,15.61,15.75,15.56,15.65,13.9,5852500
28/01/2004,15.55,15.55,15.0,15.16,13.47,8165200
29/01/2004,15.22,15.4,14.86,15.04,13.36,4902800
30/01/2004,15.0,15.13,14.87,14.95,13.28,5127300
02/02/2004,14.95,15.04,14.72,14.82,13.17,4657400
03/02/2004,14.72,14.8,14.2,14.47,12.86,5450700
04/02/2004,14.4,14.65,14.3,14.43,12.82,4837200
05/02/2004,14.5,14.73,14.46,14.64,13.01,3119600
06/02/2004,14.57,14.86,14.5,14.82,13.17,3208300
09/02/2004,14.78,14.89,14.63,14.65,13.02,2118600
10/02/2004,14.61,14.76,14.56,14.69,13.05,3269400
11/02/2004,14.61,14.69,14.5,14.64,13.01,2460800
12/02/2004,14.75,14.99,14.74,14.88,13.22,3631500
13/02/2004,14.86,14.9,14.4,14.55,12.93,3312800
17/02/2004,14.85,14.94,14.71,14.92,13.26,3604000
18/02/2004,14.95,14.95,14.72,14.79,13.14,3423500
19/02/2004,14.83,14.88,14.57,14.62,12.99,3192200
20/02/2004,14.79,14.83,14.56,14.65,13.02,3157200
23/02/2004,14.65,14.73,14.25,14.34,12.74,3553100
24/02/2004,14.34,14.4,13.95,14.04,12.47,4327900
25/02/2004,14.14,14.5,14.01,14.25,12.66,4079100
26/02/2004,14.11,14.2,14.01,14.11,12.54,2634900
27/02/2004,14.18,14.25,13.81,13.81,12.27,6112200
01/03/2004,14.0,14.01,13.79,13.96,12.4,6877200
02/03/2004,13.87,13.98,13.81,13.92,12.37,5081400
03/03/2004,13.91,14.2,13.9,14.15,12.58,4603800
04/03/2004,14.19,14.41,14.15,14.4,12.8,4713700
05/03/2004,14.34,14.52,14.22,14.48,12.87,4959000
08/03/2004,14.49,14.53,14.3,14.33,12.74,3613800
09/03/2004,14.34,14.34,13.94,14.1,12.53,3329900
10/03/2004,14.05,14.17,13.77,13.85,12.31,13812400
11/03/2004,13.69,14.05,13.45,13.5,12.0,5369300
12/03/2004,13.75,13.95,13.65,13.9,12.35,2895100
15/03/2004,13.8,13.8,12.88,13.21,11.74,10706800
16/03/2004,13.68,13.68,13.28,13.44,11.94,5550700
17/03/2004,13.5,13.78,13.48,13.66,12.14,5370200
18/03/2004,13.97,13.99,13.48,13.55,12.04,6422000
19/03/2004,13.51,13.73,13.45,13.53,12.02,4053300
22/03/2004,13.85,13.85,13.21,13.3,11.82,4198900
23/03/2004,13.42,13.6,13.33,13.33,11.85,4317200
24/03/2004,13.35,13.52,13.31,13.38,11.89,3254100
25/03/2004,13.6,14.02,13.52,13.84,12.3,7697600
26/03/2004,13.95,14.2,13.88,13.94,12.39,9098400
29/03/2004,14.12,14.24,14.01,14.11,12.54,4830900
30/03/2004,14.11,14.17,13.94,14.02,12.46,4056500
31/03/2004,14.01,14.37,13.91,14.21,12.63,8011400
01/04/2004,14.25,14.35,14.15,14.34,12.74,5535900
02/04/2004,14.55,14.94,14.55,14.92,13.26,8009800
05/04/2004,14.94,15.05,14.93,14.98,13.31,5152100
06/04/2004,15.1,15.26,14.25,15.03,13.36,5516400
07/04/2004,15.03,15.09,14.85,15.01,13.34,3587500
08/04/2004,15.05,15.16,14.83,14.96,13.3,3302300
12/04/2004,14.96,15.08,14.95,15.03,13.36,2944600
13/04/2004,15.05,15.1,14.86,14.92,13.26,4119600
14/04/2004,14.82,15.1,14.8,15.06,13.38,2930100
15/04/2004,15.05,15.05,14.63,14.83,13.18,4560600
16/04/2004,14.75,14.83,14.6,14.72,13.08,2391000
19/04/2004,14.64,14.72,14.5,14.53,12.91,2212500
20/04/2004,14.7,14.86,14.53,14.56,12.94,2562500
21/04/2004,14.53,14.85,14.35,14.73,13.09,3607200
22/04/2004,14.8,15.3,14.79,15.18,13.49,6188000
23/04/2004,15.18,15.23,14.95,14.98,13.31,3346100
26/04/2004,14.99,15.05,14.64,14.73,13.09,3060600
27/04/2004,14.9,14.97,14.68,14.74,13.1,4126900
28/04/2004,14.84,14.94,14.65,14.65,13.02,2441400
29/04/2004,14.63,14.73,14.25,14.31,12.72,2805900
30/04/2004,14.32,14.54,14.24,14.28,12.69,2130500
03/05/2004,14.25,14.48,14.0,14.42,12.82,3247800
04/05/2004,14.6,14.62,14.37,14.49,12.88,3598500
05/05/2004,14.39,14.6,14.32,14.45,12.84,2711700
06/05/2004,14.34,14.34,14.14,14.27,12.68,2624500
07/05/2004,14.21,14.41,14.0,14.0,12.44,2382100
10/05/2004,14.01,14.15,13.65,13.89,12.34,3759400
11/05/2004,13.9,14.16,13.85,13.91,12.36,2725800
12/05/2004,13.92,13.97,13.56,13.91,12.36,2304400
13/05/2004,14.04,14.18,13.9,14.06,12.5,2429700
14/05/2004,13.99,14.43,13.99,14.32,12.73,4079800
17/05/2004,14.15,14.43,14.05,14.28,12.69,3288300
18/05/2004,14.4,14.9,14.38,14.89,13.23,3601400
19/05/2004,15.0,15.25,14.64,14.77,13.13,4054200
20/05/2004,14.75,14.93,14.7,14.83,13.18,2884400
21/05/2004,15.0,15.26,14.94,15.23,13.54,4017400
24/05/2004,15.25,15.43,15.13,15.27,13.57,3407500
25/05/2004,15.27,15.9,15.25,15.76,14.01,5236400
26/05/2004,15.7,15.91,15.69,15.69,13.94,3317500
27/05/2004,15.93,15.95,15.59,15.66,13.92,3499900
28/05/2004,15.69,15.86,15.43,15.51,13.78,2774200
01/06/2004,15.4,15.48,15.14,15.36,13.65,2260400
02/06/2004,15.35,15.73,15.25,15.73,13.98,3881900
03/06/2004,15.6,15.68,15.31,15.34,13.63,2856300
04/06/2004,15.5,15.7,15.4,15.6,13.86,2507200
07/06/2004,15.58,15.69,15.43,15.54,13.81,2296100
08/06/2004,15.45,15.75,15.36,15.74,13.99,4075100
09/06/2004,15.75,15.99,15.65,15.66,13.92,3051400
10/06/2004,15.55,15.68,15.2,15.31,13.61,2537300
14/06/2004,15.1,15.37,15.0,15.18,13.5,2756000
15/06/2004,15.3,15.48,15.2,15.41,13.7,2507900
16/06/2004,15.38,15.5,15.21,15.46,13.74,2182100
17/06/2004,15.4,15.56,15.36,15.5,13.78,3713100
18/06/2004,15.35,15.97,15.35,15.88,14.12,4578000
21/06/2004,15.7,15.91,15.69,15.79,14.04,1995700
22/06/2004,15.71,15.91,15.68,15.68,13.94,2210800
23/06/2004,15.65,15.98,15.5,15.95,14.18,3734600
24/06/2004,15.9,15.91,15.76,15.77,14.02,3212600
25/06/2004,15.82,17.0,15.78,17.0,15.11,10114400
28/06/2004,17.06,17.06,16.5,16.64,14.79,5098600
29/06/2004,16.57,16.92,16.57,16.81,14.94,2877300
30/06/2004,16.72,16.83,16.55,16.77,14.91,2138400
01/07/2004,16.63,16.85,16.33,16.49,14.66,2070400
02/07/2004,16.35,16.36,16.04,16.21,14.41,2580200
06/07/2004,16.03,16.08,15.76,15.85,14.09,2565000
07/07/2004,15.73,16.15,15.7,16.05,14.27,3087500
08/07/2004,15.9,16.03,15.52,15.53,13.81,1787000
09/07/2004,15.6,15.83,15.46,15.5,13.78,3567700
12/07/2004,15.46,15.66,15.42,15.56,13.83,1401100
13/07/2004,15.5,15.64,15.4,15.4,13.69,3216900
14/07/2004,15.3,15.45,15.05,15.06,13.39,2219400
15/07/2004,15.25,15.25,14.65,14.75,13.11,7666300
16/07/2004,15.15,15.15,14.57,14.57,12.95,3787100
19/07/2004,14.58,14.6,14.2,14.36,12.77,5136800
20/07/2004,14.36,14.77,14.25,14.71,13.08,3210600
21/07/2004,14.9,15.05,14.36,14.4,12.8,2533500
22/07/2004,14.38,14.6,13.96,14.22,12.64,3841800
23/07/2004,14.2,14.38,14.14,14.2,12.62,3693100
26/07/2004,14.11,14.22,13.97,14.0,12.45,2650700
27/07/2004,14.08,14.23,14.04,14.21,12.63,2994700
28/07/2004,14.07,14.41,13.74,14.24,12.66,3328800
29/07/2004,14.28,14.8,14.28,14.51,12.9,2450700
30/07/2004,14.37,14.49,14.16,14.47,12.86,1826800
02/08/2004,14.26,14.35,14.14,14.25,12.67,2435400
03/08/2004,14.17,14.28,13.83,13.83,12.3,3957500
04/08/2004,13.83,14.03,13.4,14.0,12.45,7844100
05/08/2004,13.93,13.94,13.7,13.8,12.27,3644500
06/08/2004,13.5,13.59,13.31,13.47,11.98,5138100
09/08/2004,13.41,13.49,13.18,13.31,11.83,2500800
10/08/2004,13.3,13.71,13.26,13.71,12.19,3018300
11/08/2004,13.61,14.0,13.44,13.89,12.35,3325000
12/08/2004,13.84,13.88,13.6,13.7,12.18,2506600
13/08/2004,13.64,13.96,13.64,13.79,12.26,2957400
16/08/2004,13.84,14.5,13.76,14.5,12.89,3246100
17/08/2004,14.5,14.78,14.45,14.47,12.86,3502500
18/08/2004,14.34,14.75,14.21,14.75,13.11,3198700
19/08/2004,14.69,14.69,14.3,14.46,12.86,2231500
20/08/2004,14.32,14.85,14.32,14.7,13.07,2473100
23/08/2004,14.71,14.93,14.6,14.6,12.98,1733400
24/08/2004,14.75,14.96,14.75,14.86,13.21,2993500
25/08/2004,14.76,15.03,14.7,15.01,13.34,2951500
26/08/2004,15.08,15.46,15.08,15.3,13.6,3083300
27/08/2004,15.22,15.22,14.64,14.7,13.07,3297700
30/08/2004,14.71,15.1,14.62,14.89,13.24,2775600
31/08/2004,14.88,15.04,14.62,14.82,13.18,1774000
01/09/2004,14.75,15.0,14.51,14.63,13.01,1874100
02/09/2004,14.68,15.0,14.63,14.99,13.33,1469000
03/09/2004,14.75,14.78,14.19,14.25,12.67,4092700
07/09/2004,14.45,14.6,14.29,14.45,12.85,2420300
08/09/2004,14.32,14.42,14.14,14.26,12.68,2706800
09/09/2004,14.2,14.24,13.9,13.93,12.39,4088700
10/09/2004,13.9,14.35,13.65,14.33,12.74,3267400
13/09/2004,14.33,14.36,14.07,14.24,12.66,2091600
14/09/2004,14.24,14.4,14.18,14.39,12.8,2465600
15/09/2004,14.27,14.35,14.07,14.15,12.58,2644600
16/09/2004,14.17,14.37,14.1,14.34,12.75,3182900
17/09/2004,14.42,14.53,14.31,14.51,12.9,3868900
20/09/2004,14.33,14.48,14.23,14.23,12.66,3052400
21/09/2004,14.24,14.38,14.16,14.21,12.64,2277400
22/09/2004,14.07,14.19,13.9,13.98,12.43,2146200
23/09/2004,13.98,14.12,13.81,13.87,12.34,2466100
24/09/2004,13.97,14.06,13.66,13.81,12.28,2923700
27/09/2004,13.67,13.73,13.25,13.34,11.86,5310400
28/09/2004,13.35,13.91,13.19,13.84,12.31,5931100
29/09/2004,13.77,13.95,13.45,13.66,12.15,3863200
30/09/2004,13.63,13.73,13.49,13.62,12.11,4723500
01/10/2004,13.62,13.91,13.56,13.85,12.32,3418500
04/10/2004,14.26,14.26,13.96,14.21,12.64,2969400
05/10/2004,14.06,14.16,13.89,13.98,12.43,2026900
06/10/2004,14.02,14.17,13.88,13.99,12.44,2965900
07/10/2004,13.99,14.03,13.86,13.88,12.34,3194200
08/10/2004,13.88,13.9,13.74,13.81,12.28,1818700
11/10/2004,13.81,13.85,13.51,13.59,12.09,2974100
12/10/2004,13.5,13.65,13.45,13.61,12.1,3981200
13/10/2004,13.8,13.89,13.52,13.57,12.07,3341900
14/10/2004,13.98,14.14,13.9,14.14,12.58,4432900
15/10/2004,14.29,14.5,14.21,14.38,12.79,4532500
18/10/2004,14.29,14.48,14.23,14.38,12.79,2591700
19/10/2004,14.43,14.47,14.04,14.11,12.55,2588600
20/10/2004,14.01,14.26,13.91,14.26,12.68,2384100
21/10/2004,14.16,14.5,14.08,14.5,12.9,2219800
22/10/2004,14.5,14.52,14.34,14.5,12.9,4036900
25/10/2004,14.37,14.75,14.28,14.64,13.02,3319000
26/10/2004,14.65,14.9,14.55,14.9,13.25,4394800
27/10/2004,14.77,15.3,14.66,15.24,13.55,5754900
28/10/2004,15.25,15.8,15.22,15.79,14.04,6586800
29/10/2004,15.75,15.82,15.55,15.77,14.02,4936600
01/11/2004,15.59,15.63,15.24,15.46,13.75,4967200
02/11/2004,15.43,16.09,15.37,15.96,14.19,7437800
03/11/2004,16.0,16.07,15.66,15.72,13.98,3139800
04/11/2004,15.89,16.21,15.72,16.2,14.41,3496300
05/11/2004,16.15,16.26,16.03,16.17,14.38,3890500
08/11/2004,16.14,16.25,16.05,16.14,14.35,2504900
09/11/2004,16.21,16.26,15.95,16.02,14.25,2184200
10/11/2004,16.07,16.07,15.55,15.58,13.86,3238800
11/11/2004,15.68,15.91,15.65,15.89,14.13,1750700
12/11/2004,15.86,16.0,15.7,16.0,14.23,1606300
15/11/2004,15.9,16.22,15.74,16.1,14.32,3541800
16/11/2004,15.99,16.07,15.83,15.83,14.08,2551700
17/11/2004,15.77,16.0,15.52,15.6,13.87,2643100
18/11/2004,15.7,15.9,15.6,15.83,14.08,2118600
19/11/2004,15.85,15.85,15.25,15.34,13.64,2994800
22/11/2004,15.2,15.49,15.11,15.35,13.65,2700700
23/11/2004,15.25,15.73,15.22,15.59,13.86,3046500
24/11/2004,15.89,16.04,15.82,15.95,14.18,2716600
26/11/2004,15.87,15.92,15.69,15.7,13.96,874900
29/11/2004,15.87,15.95,15.57,15.62,13.89,2061800
30/11/2004,15.76,15.9,15.66,15.73,13.99,2141900
01/12/2004,15.76,16.45,15.75,16.32,14.51,5650200
02/12/2004,16.22,16.75,16.2,16.3,14.5,3999800
03/12/2004,16.29,16.47,15.86,16.12,14.34,2954200
06/12/2004,15.9,16.02,15.82,15.85,14.1,2496900
07/12/2004,15.83,16.08,15.69,15.73,13.99,3022400
08/12/2004,15.77,15.86,15.56,15.64,13.91,2684300
09/12/2004,15.54,15.77,15.41,15.72,13.98,2244900
10/12/2004,15.58,15.87,15.52,15.71,13.98,1997400
13/12/2004,15.71,15.94,15.68,15.92,14.16,3196500
14/12/2004,15.9,16.1,15.88,16.01,14.24,4264900
15/12/2004,15.92,15.99,15.7,15.82,14.07,2545600
16/12/2004,15.74,15.83,15.64,15.78,14.04,3278700
17/12/2004,15.8,15.91,15.76,15.8,14.06,5011800
20/12/2004,15.75,15.83,15.56,15.58,13.86,1782900
21/12/2004,15.56,15.8,15.5,15.71,13.98,2356600
22/12/2004,15.78,15.97,15.71,15.83,14.08,2107100
23/12/2004,15.83,15.9,15.66,15.69,13.96,1326000
27/12/2004,15.69,15.81,15.65,15.65,13.92,2148800
28/12/2004,15.67,15.88,15.62,15.88,14.13,1956600
29/12/2004,15.95,16.28,15.95,16.12,14.34,3420800
30/12/2004,16.18,16.38,16.11,16.36,14.55,2464300
31/12/2004,16.36,16.43,16.24,16.28,14.48,2235800
03/01/2005,16.34,16.45,16.0,16.07,14.3,3237600
04/01/2005,16.0,16.03,15.55,15.61,13.89,3543900
05/01/2005,15.59,15.63,15.42,15.61,13.89,3404400
06/01/2005,15.61,15.85,15.49,15.49,13.78,3044500
07/01/2005,15.73,15.79,15.44,15.56,13.84,2867000
10/01/2005,15.48,15.77,15.47,15.66,13.93,2472600
11/01/2005,15.52,15.61,15.39,15.42,13.72,3408800
12/01/2005,15.42,15.45,15.06,15.27,13.58,3310100
13/01/2005,15.21,15.38,14.89,14.98,13.33,3520300
14/01/2005,15.08,15.16,14.85,14.98,13.33,4011800
18/01/2005,15.15,15.2,14.98,15.0,13.34,5169800
19/01/2005,14.66,14.8,14.25,14.39,12.8,6536200
20/01/2005,14.35,14.49,14.02,14.06,12.51,5495100
21/01/2005,14.07,14.14,13.77,13.84,12.31,5416900
24/01/2005,13.84,13.96,13.6,13.79,12.27,5099800
25/01/2005,13.92,14.47,13.92,14.25,12.68,5153300
26/01/2005,14.45,14.48,14.24,14.39,12.8,4905700
27/01/2005,14.4,14.4,14.18,14.3,12.72,3208000
28/01/2005,14.31,14.34,14.09,14.23,12.66,3324600
31/01/2005,14.45,14.55,14.37,14.48,12.88,3047600
01/02/2005,14.48,14.56,14.37,14.55,12.94,3242700
02/02/2005,14.56,14.76,14.46,14.55,12.94,3728900
03/02/2005,14.56,14.72,14.45,14.6,12.99,2883200
04/02/2005,14.61,14.93,14.55,14.8,13.17,2565700
07/02/2005,14.71,15.0,14.7,14.84,13.2,2663700
08/02/2005,14.83,14.98,14.67,14.76,13.13,1904600
09/02/2005,14.76,14.87,14.28,14.33,12.75,2945600
10/02/2005,14.34,14.66,14.33,14.55,12.94,2367600
11/02/2005,14.46,14.55,14.36,14.48,12.88,3289000
14/02/2005,14.48,14.54,14.15,14.26,12.69,3678600
15/02/2005,14.26,14.33,14.2,14.3,12.72,2446900
16/02/2005,14.29,14.45,14.22,14.3,12.72,2901300
17/02/2005,14.25,14.3,14.1,14.23,12.66,3351300
18/02/2005,14.24,14.25,14.03,14.09,12.53,4967000
22/02/2005,14.0,14.02,13.75,13.79,12.27,3887100
23/02/2005,13.95,14.12,13.79,14.09,12.53,2690400
24/02/2005,14.02,14.14,13.96,14.12,12.56,2246300
25/02/2005,14.05,14.29,14.01,14.23,12.66,1995200
28/02/2005,14.13,14.16,13.71,13.85,12.32,4247600
01/03/2005,13.84,14.42,13.84,14.2,12.64,4172900
02/03/2005,14.2,14.32,14.07,14.11,12.56,4763800
03/03/2005,14.11,14.47,14.11,14.41,12.82,2917300
04/03/2005,14.55,14.78,14.53,14.77,13.14,4149300
07/03/2005,14.75,14.83,14.66,14.8,13.17,4473500
08/03/2005,14.78,14.82,14.7,14.8,13.17,4335300
09/03/2005,14.79,14.81,14.49,14.49,12.9,3347400
10/03/2005,14.43,14.44,14.18,14.25,12.68,3323700
11/03/2005,14.18,14.35,14.16,14.19,12.63,3835400
14/03/2005,14.2,14.45,14.18,14.25,12.68,3447900
15/03/2005,14.4,14.4,14.25,14.29,12.72,3945700
16/03/2005,14.24,14.35,14.1,14.19,12.63,3683800
17/03/2005,14.12,14.37,14.09,14.32,12.74,2719700
18/03/2005,14.5,14.73,14.43,14.5,12.9,7703800
21/03/2005,14.46,14.48,14.18,14.31,12.74,3914200
22/03/2005,14.25,14.33,14.12,14.12,12.57,4739800
23/03/2005,14.15,14.68,14.15,14.48,12.89,5712700
24/03/2005,14.48,14.52,14.18,14.18,12.62,2945400
28/03/2005,14.28,14.43,14.18,14.2,12.64,2106400
29/03/2005,14.11,14.23,13.99,14.03,12.49,3315500
30/03/2005,14.13,14.52,14.13,14.4,12.82,5214900
31/03/2005,14.34,14.34,14.19,14.24,12.67,5352800
01/04/2005,14.24,14.25,13.91,14.0,12.46,5136400
04/04/2005,14.0,14.05,13.85,14.03,12.49,5279700
05/04/2005,14.09,14.32,14.09,14.3,12.73,2905700
06/04/2005,14.34,14.5,14.19,14.22,12.65,3155100
07/04/2005,14.25,14.58,14.22,14.53,12.93,4056500
08/04/2005,14.58,14.58,14.26,14.46,12.87,4360300
11/04/2005,14.46,14.52,14.31,14.35,12.77,2041000
12/04/2005,14.27,14.65,14.15,14.64,13.03,4009700
13/04/2005,14.65,14.9,14.59,14.72,13.1,5643900
14/04/2005,14.95,15.4,14.81,14.94,13.3,14191100
15/04/2005,15.0,15.14,14.73,14.8,13.17,5877000
18/04/2005,14.9,15.1,14.82,14.86,13.22,4281800
19/04/2005,14.81,15.04,14.68,14.85,13.22,5969700
20/04/2005,14.85,14.85,14.41,14.44,12.85,6876600
21/04/2005,14.76,15.1,14.72,14.97,13.32,3892000
22/04/2005,14.82,14.87,14.43,14.5,12.9,3256200
25/04/2005,14.53,14.93,14.53,14.69,13.07,3812500
26/04/2005,14.59,14.84,14.55,14.56,12.96,3060200
27/04/2005,14.5,14.82,14.4,14.78,13.15,3520100
28/04/2005,14.65,14.94,14.56,14.58,12.98,3069700
29/04/2005,14.6,14.93,14.45,14.88,13.24,2917400
02/05/2005,14.88,15.1,14.76,15.0,13.35,4194200
03/05/2005,15.0,15.07,14.91,14.99,13.34,3918100
04/05/2005,15.0,15.5,14.97,15.5,13.79,6513000
05/05/2005,15.31,15.4,15.22,15.32,13.63,3835700
06/05/2005,15.34,15.48,15.11,15.29,13.61,3160100
09/05/2005,15.22,15.38,15.19,15.38,13.69,2799300
10/05/2005,15.23,15.25,14.95,14.95,13.3,4557400
11/05/2005,14.95,14.99,14.51,14.9,13.26,5621200
12/05/2005,14.88,14.99,14.51,14.53,12.93,5885600
13/05/2005,14.67,14.99,14.6,14.87,13.23,5837400
16/05/2005,14.87,15.12,14.87,15.01,13.36,3528200
17/05/2005,14.95,15.1,14.93,15.0,13.35,4862100
18/05/2005,15.25,15.27,14.93,14.99,13.34,6683800
19/05/2005,14.84,14.85,14.64,14.79,13.16,4082900
20/05/2005,15.04,15.1,14.89,14.94,13.3,3934300
23/05/2005,14.87,14.98,14.79,14.89,13.25,3503600
24/05/2005,14.78,14.78,14.63,14.7,13.08,2459800
25/05/2005,14.61,14.68,14.36,14.5,12.9,4332300
26/05/2005,14.52,14.7,14.46,14.66,13.05,3218400
27/05/2005,14.65,14.67,14.51,14.61,13.0,1177800
31/05/2005,14.63,14.85,14.52,14.55,12.95,3021600
01/06/2005,14.55,14.68,14.48,14.5,12.9,2922200
02/06/2005,14.45,14.75,14.41,14.68,13.06,3500100
03/06/2005,14.68,14.68,14.5,14.59,12.98,2419300
06/06/2005,14.54,14.65,14.49,14.65,13.04,1639000
07/06/2005,14.61,14.92,14.59,14.61,13.01,4055300
08/06/2005,14.64,14.71,14.47,14.54,12.94,3337000
09/06/2005,14.48,14.53,14.36,14.45,12.86,4965600
10/06/2005,14.42,14.55,14.32,14.38,12.8,1607000
13/06/2005,14.36,14.49,14.36,14.41,12.83,1425500
14/06/2005,14.39,14.49,14.32,14.33,12.76,1834300
15/06/2005,14.33,14.39,14.21,14.25,12.69,1922300
16/06/2005,14.26,14.35,14.2,14.26,12.69,1717700
17/06/2005,14.4,14.4,14.02,14.07,12.53,4742500
20/06/2005,14.08,14.37,14.08,14.33,12.76,2302600
21/06/2005,14.3,14.39,14.2,14.37,12.79,1535900
22/06/2005,14.39,14.46,14.28,14.36,12.78,2336900
23/06/2005,14.3,14.35,13.79,13.8,12.29,8116100
24/06/2005,13.8,13.88,13.56,13.86,12.34,8342100
27/06/2005,13.79,13.89,13.58,13.77,12.26,4283900
28/06/2005,13.81,14.07,13.8,14.05,12.51,2477500
29/06/2005,14.04,14.04,13.88,13.96,12.43,2687000
30/06/2005,13.97,14.02,13.9,13.93,12.4,4631800
01/07/2005,13.92,13.94,13.76,13.81,12.29,2139900
05/07/2005,13.8,13.84,13.66,13.78,12.27,1999700
06/07/2005,13.8,13.82,13.59,13.59,12.1,2798700
07/07/2005,13.5,13.83,13.32,13.77,12.26,3754000
08/07/2005,13.73,14.0,13.52,13.94,12.41,2218600
11/07/2005,13.99,14.1,13.91,13.99,12.45,2015500
12/07/2005,13.92,14.0,13.63,13.7,12.2,4137800
13/07/2005,13.7,14.04,13.65,13.98,12.45,3982200
14/07/2005,14.53,14.74,14.41,14.42,12.84,12375900
15/07/2005,14.37,14.38,13.93,14.22,12.66,5858600
18/07/2005,14.22,14.75,14.17,14.58,12.98,5865900
19/07/2005,14.68,14.71,14.34,14.43,12.85,3923300
20/07/2005,14.46,14.67,14.43,14.6,13.0,3089500
21/07/2005,14.4,14.58,14.26,14.4,12.82,3723900
22/07/2005,14.52,14.58,14.31,14.4,12.82,1738700
25/07/2005,14.39,14.45,14.24,14.26,12.69,2128500
26/07/2005,14.26,14.35,14.21,14.26,12.69,1893600
27/07/2005,14.26,14.33,14.05,14.21,12.65,2292000
28/07/2005,14.26,14.34,14.23,14.26,12.69,2238200
29/07/2005,14.23,14.3,14.18,14.19,12.63,2222200
01/08/2005,14.21,14.25,14.1,14.12,12.57,1908200
02/08/2005,14.1,14.24,14.06,14.21,12.65,3168900
03/08/2005,14.24,14.4,14.18,14.32,12.75,2836700
04/08/2005,14.29,14.32,14.03,14.08,12.53,3230900
05/08/2005,14.08,14.12,13.96,13.96,12.43,2394200
08/08/2005,14.0,14.03,13.93,13.95,12.42,2467800
09/08/2005,13.96,13.96,13.83,13.87,12.35,1764700
10/08/2005,13.85,14.01,13.76,13.76,12.25,4048900
11/08/2005,13.76,13.78,13.65,13.7,12.2,2186700
12/08/2005,13.7,13.8,13.59,13.64,12.14,2668900
15/08/2005,13.63,13.77,13.35,13.68,12.18,3589000
16/08/2005,13.73,13.96,13.54,13.57,12.08,2569100
17/08/2005,13.57,13.94,13.53,13.81,12.29,2636100
18/08/2005,13.83,13.83,13.59,13.64,12.14,3359600
19/08/2005,13.65,13.68,13.57,13.59,12.1,2614000
22/08/2005,13.6,13.73,13.56,13.6,12.11,2222700
23/08/2005,13.55,13.64,13.46,13.51,12.03,2275800
24/08/2005,13.45,13.64,13.41,13.46,11.98,2525200
25/08/2005,13.46,13.7,13.44,13.59,12.1,3046400
26/08/2005,13.59,13.69,13.5,13.51,12.03,2069700
29/08/2005,13.47,13.5,13.3,13.44,11.96,3247700
30/08/2005,13.38,13.41,13.12,13.28,11.83,3196600
31/08/2005,13.2,13.32,13.06,13.32,11.86,3481600
01/09/2005,13.32,13.32,13.05,13.14,11.7,5413300
02/09/2005,13.35,13.62,13.35,13.51,12.03,6534800
06/09/2005,13.67,13.94,13.58,13.92,12.4,5697800
07/09/2005,13.9,13.9,13.59,13.73,12.23,3692900
08/09/2005,13.73,13.91,13.64,13.77,12.26,3984000
09/09/2005,13.77,13.9,13.68,13.76,12.25,2380300
12/09/2005,13.7,14.05,13.67,14.03,12.49,4112000
13/09/2005,13.88,13.93,13.76,13.8,12.29,3705000
14/09/2005,13.74,13.89,13.64,13.64,12.15,2258700
15/09/2005,13.63,13.99,13.62,13.8,12.29,4509600
16/09/2005,14.0,14.64,13.83,14.6,13.0,14400500
19/09/2005,14.25,14.39,14.2,14.28,12.72,6939400
20/09/2005,14.35,14.62,14.18,14.2,12.65,6255900
21/09/2005,14.4,14.64,14.19,14.22,12.66,7390900
22/09/2005,14.22,14.49,14.14,14.28,12.72,4191000
23/09/2005,14.34,14.67,14.15,14.53,12.94,4662000
26/09/2005,14.67,14.69,14.35,14.42,12.84,3409400
27/09/2005,14.5,14.57,14.37,14.55,12.96,2535800
28/09/2005,14.55,14.65,14.37,14.56,12.97,2418600
29/09/2005,14.51,14.57,14.32,14.52,12.93,1818300
30/09/2005,14.53,14.85,14.48,14.85,13.23,4875200
03/10/2005,14.78,14.86,14.67,14.82,13.2,3008000
04/10/2005,14.8,15.04,14.8,14.84,13.22,5817000
05/10/2005,14.77,15.13,14.76,15.01,13.37,5383700
06/10/2005,15.1,15.42,15.1,15.21,13.55,5859700
07/10/2005,15.2,15.34,14.96,15.16,13.5,3901800
10/10/2005,15.0,15.08,14.88,15.03,13.39,3327800
11/10/2005,14.99,15.03,14.54,14.69,13.08,4231600
12/10/2005,14.72,14.8,14.61,14.7,13.09,3531300
13/10/2005,14.76,14.93,14.65,14.79,13.17,2669900
14/10/2005,15.0,15.71,14.94,15.52,13.82,7151100
17/10/2005,15.5,15.51,15.15,15.27,13.6,4714300
18/10/2005,15.3,15.48,15.27,15.27,13.6,3332100
19/10/2005,15.26,15.58,15.2,15.58,13.88,3888500
20/10/2005,15.65,15.7,14.93,15.07,13.42,5525500
21/10/2005,15.25,15.89,15.15,15.8,14.07,8440500
24/10/2005,15.74,15.99,15.73,15.9,14.16,5500100
25/10/2005,15.57,15.95,15.23,15.42,13.73,4669300
26/10/2005,15.37,15.79,15.37,15.58,13.88,4798400
27/10/2005,15.54,15.69,15.43,15.44,13.75,2421100
28/10/2005,15.66,15.83,15.53,15.75,14.03,2807500
31/10/2005,15.8,16.09,15.72,16.01,14.26,7225400
01/11/2005,16.0,16.15,15.95,16.03,14.28,4165500
02/11/2005,16.02,16.43,15.89,16.42,14.62,5571800
03/11/2005,16.41,16.5,16.25,16.4,14.61,4153100
04/11/2005,16.32,16.4,16.08,16.3,14.52,2841700
07/11/2005,16.34,16.35,16.18,16.18,14.41,2738900
08/11/2005,16.05,16.35,16.05,16.28,14.5,2581400
09/11/2005,16.2,16.5,16.2,16.39,14.6,2613900
10/11/2005,16.44,16.66,16.42,16.62,14.8,2970400
11/11/2005,16.5,16.74,16.49,16.71,14.88,2014200
14/11/2005,16.62,16.75,16.57,16.75,14.92,2730000
15/11/2005,16.75,16.75,16.41,16.45,14.65,2686500
16/11/2005,16.53,16.58,16.09,16.1,14.34,3649000
17/11/2005,16.1,16.46,15.91,16.43,14.63,5724800
18/11/2005,16.73,16.74,16.26,16.54,14.73,3144200
21/11/2005,16.44,16.61,16.3,16.45,14.65,2763700
22/11/2005,16.3,16.45,16.11,16.29,14.51,2690300
23/11/2005,16.24,16.69,16.19,16.59,14.77,3420900
25/11/2005,16.6,16.66,16.29,16.43,14.63,1023000
28/11/2005,16.6,16.72,16.52,16.54,14.73,2869500
29/11/2005,16.47,16.48,15.9,15.98,14.23,5518400
30/11/2005,16.07,16.53,16.06,16.5,14.69,4873300
01/12/2005,16.5,16.62,16.43,16.52,14.71,3015400
02/12/2005,16.5,16.74,16.48,16.59,14.77,3095500
05/12/2005,16.46,16.63,16.45,16.6,14.78,2003700
06/12/2005,16.66,16.74,16.48,16.52,14.72,3593400
07/12/2005,16.5,16.52,16.3,16.43,14.64,3353100
08/12/2005,16.37,16.62,16.32,16.44,14.65,2275800
09/12/2005,16.2,16.4,16.16,16.3,14.52,2218000
12/12/2005,16.21,16.46,16.19,16.31,14.53,2035500
13/12/2005,16.32,16.5,16.09,16.21,14.44,2438000
14/12/2005,16.23,16.49,16.2,16.26,14.49,2887800
15/12/2005,16.28,16.62,16.23,16.61,14.8,2663300
16/12/2005,16.64,16.95,16.6,16.82,14.98,6168000
19/12/2005,16.72,16.87,16.46,16.56,14.75,3663800
20/12/2005,16.51,16.62,16.32,16.48,14.68,2397100
21/12/2005,16.58,16.65,16.48,16.53,14.73,2345700
22/12/2005,16.51,16.69,16.48,16.62,14.81,2253100
23/12/2005,16.62,16.74,16.56,16.58,14.77,2228600
27/12/2005,16.6,16.83,16.49,16.51,14.71,3277100
28/12/2005,16.58,16.67,16.31,16.61,14.8,2725400
29/12/2005,16.6,16.75,16.54,16.54,14.73,2497200
30/12/2005,16.5,16.52,16.35,16.43,14.64,1892900
03/01/2006,16.37,16.51,16.08,16.43,14.64,4133700
04/01/2006,16.36,17.0,16.36,16.94,15.09,6551400
05/01/2006,16.89,17.0,16.69,16.99,15.14,3341800
06/01/2006,17.0,17.22,16.96,17.1,15.23,4329300
09/01/2006,16.98,17.26,16.92,17.13,15.26,3991300
10/01/2006,17.0,17.1,16.87,17.05,15.19,1863800
11/01/2006,17.0,17.08,16.62,16.75,14.92,2706100
12/01/2006,16.4,16.7,16.31,16.36,14.57,4543300
13/01/2006,16.48,16.61,16.26,16.37,14.58,2605000
17/01/2006,16.14,16.14,15.51,15.87,14.14,5914600
18/01/2006,15.95,16.82,15.81,16.76,14.93,6510700
19/01/2006,16.63,16.64,16.0,16.16,14.4,5159800
20/01/2006,16.44,16.59,16.14,16.21,14.44,6013300
23/01/2006,16.4,16.54,16.19,16.24,14.47,3566600
24/01/2006,16.25,16.47,16.08,16.37,14.58,3721700
25/01/2006,16.44,16.45,16.18,16.4,14.61,3058100
26/01/2006,16.44,16.49,16.18,16.3,14.52,4171800
27/01/2006,16.19,16.35,16.15,16.32,14.54,3254500
30/01/2006,16.2,16.49,16.15,16.41,14.62,3119400
31/01/2006,16.41,16.5,16.3,16.46,14.66,4464100
01/02/2006,16.34,16.4,16.1,16.23,14.46,5434500
02/02/2006,16.28,16.74,16.2,16.52,14.72,7757500
03/02/2006,16.52,16.57,16.19,16.43,14.64,3215400
06/02/2006,16.34,16.65,16.29,16.54,14.73,2307900
07/02/2006,16.3,16.49,16.1,16.15,14.39,5158800
08/02/2006,16.03,16.62,16.03,16.34,14.56,3666000
09/02/2006,16.3,16.57,16.26,16.51,14.71,2788800
10/02/2006,16.42,16.59,16.38,16.42,14.63,2444900
13/02/2006,16.35,16.5,16.26,16.45,14.65,2420200
14/02/2006,16.43,16.85,16.37,16.81,14.98,3297200
15/02/2006,16.7,16.89,16.56,16.83,14.99,3540000
16/02/2006,16.7,16.82,16.68,16.82,14.98,1996900
17/02/2006,16.75,16.84,16.62,16.81,14.98,2070300
21/02/2006,16.68,16.8,16.54,16.69,14.87,2623800
22/02/2006,16.7,16.87,16.69,16.83,14.99,2808700
23/02/2006,16.74,16.93,16.72,16.82,14.98,3101000
24/02/2006,16.78,16.79,16.45,16.63,14.81,3505800
27/02/2006,16.6,16.89,16.6,16.85,15.01,3098700
28/02/2006,16.71,16.79,16.6,16.77,14.94,4346300
01/03/2006,16.7,17.09,16.7,17.03,15.18,4996000
02/03/2006,16.99,17.02,16.81,16.84,15.01,3839200
03/03/2006,16.77,17.02,16.75,17.0,15.15,2780600
06/03/2006,16.94,16.94,16.69,16.77,14.94,2521200
07/03/2006,16.77,17.1,16.77,17.01,15.16,3381900
08/03/2006,17.0,17.07,16.78,17.01,15.16,3667100
09/03/2006,17.0,17.17,16.99,17.03,15.18,2722100
10/03/2006,17.09,17.25,17.03,17.13,15.26,3304000
13/03/2006,17.11,17.2,17.02,17.14,15.27,3581000
14/03/2006,17.09,17.5,17.09,17.47,15.57,4203800
15/03/2006,17.45,17.52,17.3,17.5,15.59,4247900
16/03/2006,17.5,17.67,17.36,17.46,15.56,3206400
17/03/2006,17.51,17.7,17.36,17.6,15.68,4371800
20/03/2006,17.43,17.77,17.4,17.72,15.79,3918400
21/03/2006,17.65,17.9,17.59,17.61,15.69,4903900
22/03/2006,17.59,17.77,17.53,17.77,15.84,3523500
23/03/2006,17.72,17.74,17.5,17.62,15.7,3001200
24/03/2006,17.57,17.75,17.57,17.65,15.73,1962000
27/03/2006,17.57,17.68,17.44,17.47,15.57,2213500
28/03/2006,17.47,17.7,17.4,17.54,15.63,3550600
29/03/2006,17.51,17.98,17.41,17.97,16.01,5143000
30/03/2006,17.97,18.0,17.76,17.81,15.87,4585000
31/03/2006,17.86,18.1,17.82,17.99,16.03,4158300
03/04/2006,17.99,18.2,17.84,17.95,16.0,5170600
04/04/2006,17.95,18.0,17.85,17.92,15.97,2303300
05/04/2006,17.92,18.03,17.84,17.97,16.01,4731800
06/04/2006,17.97,17.99,17.69,17.7,15.77,3790800
07/04/2006,17.8,17.85,17.63,17.69,15.76,3331000
10/04/2006,17.65,17.69,17.46,17.49,15.59,3355800
11/04/2006,17.44,17.48,17.16,17.27,15.39,3959700
12/04/2006,17.23,17.64,17.23,17.52,15.61,3098500
13/04/2006,17.46,17.75,17.46,17.67,15.75,2445700
17/04/2006,17.6,17.62,16.55,16.96,15.11,5231300
18/04/2006,16.47,17.75,16.47,17.48,15.58,6702400
19/04/2006,17.4,17.58,17.2,17.36,15.47,5300700
20/04/2006,17.34,17.4,16.46,16.48,14.69,6356600
21/04/2006,16.51,16.58,15.9,16.0,14.26,7539000
24/04/2006,16.0,16.63,15.95,16.58,14.77,6050400
25/04/2006,16.55,16.56,16.2,16.24,14.47,5740300
26/04/2006,16.3,16.36,16.11,16.21,14.44,4053800
27/04/2006,16.17,16.55,16.13,16.42,14.63,5161600
28/04/2006,16.44,16.45,16.07,16.22,14.45,3800500
01/05/2006,16.26,16.46,16.05,16.41,14.62,4284800
02/05/2006,16.59,16.71,16.34,16.41,14.62,4071200
03/05/2006,16.45,16.54,16.4,16.51,14.71,2689100
04/05/2006,16.58,16.92,16.57,16.86,15.02,2893300
05/05/2006,16.9,16.9,16.5,16.61,14.8,3450200
08/05/2006,16.74,16.81,16.33,16.34,14.56,2939900
09/05/2006,16.38,16.61,16.36,16.56,14.76,2273900
10/05/2006,16.37,16.48,16.35,16.44,14.65,2357700
11/05/2006,16.44,16.44,16.17,16.23,14.46,2540900
12/05/2006,16.16,16.36,16.04,16.05,14.3,3082200
15/05/2006,16.15,16.28,16.09,16.26,14.49,3068000
16/05/2006,16.29,16.34,16.14,16.17,14.41,4335100
17/05/2006,16.05,16.16,15.57,15.58,13.88,3725800
18/05/2006,15.6,16.1,15.58,15.58,13.88,3340000
19/05/2006,15.66,15.78,15.58,15.62,13.92,2382300
22/05/2006,15.64,15.88,15.61,15.65,13.95,2819000
23/05/2006,15.63,15.68,15.38,15.39,13.71,2504900
24/05/2006,15.4,15.61,15.28,15.56,13.87,3490600
25/05/2006,15.49,15.73,15.49,15.61,13.91,2682900
26/05/2006,15.66,15.78,15.62,15.75,14.03,1688300
30/05/2006,15.55,15.7,15.44,15.64,13.94,3182100
31/05/2006,15.7,16.1,15.69,16.1,14.35,3669600
01/06/2006,16.14,16.18,15.83,15.9,14.17,6364900
02/06/2006,15.87,15.88,15.51,15.81,14.09,2718600
05/06/2006,15.79,15.95,15.62,15.72,14.01,1937100
06/06/2006,15.78,15.92,15.5,15.72,14.01,2920800
07/06/2006,15.68,16.02,15.68,15.78,14.07,3226400
08/06/2006,15.8,15.89,15.62,15.67,13.97,4568700
09/06/2006,15.52,15.89,15.5,15.64,13.94,3382900
12/06/2006,15.58,15.64,15.21,15.26,13.6,2615700
13/06/2006,15.35,15.51,15.17,15.18,13.53,3792100
14/06/2006,15.11,15.6,15.1,15.5,13.82,2777000
15/06/2006,15.63,16.23,15.57,16.14,14.39,4301200
16/06/2006,16.03,16.4,16.02,16.3,14.53,4360500
19/06/2006,16.29,16.49,16.22,16.3,14.53,2576100
20/06/2006,16.18,16.34,16.17,16.3,14.53,3216800
21/06/2006,16.25,16.56,16.23,16.43,14.65,2545300
22/06/2006,16.35,16.53,16.23,16.45,14.66,2258700
23/06/2006,16.38,16.5,16.25,16.44,14.65,1979900
26/06/2006,16.36,16.5,16.23,16.47,14.68,1995400
27/06/2006,16.36,16.45,16.1,16.17,14.41,2138800
28/06/2006,16.15,16.27,15.77,15.96,14.23,3173400
29/06/2006,15.99,16.18,15.96,16.16,14.4,3778500
30/06/2006,16.1,16.44,16.06,16.37,14.59,2875200
03/07/2006,16.41,16.5,16.36,16.47,14.68,1096900
05/07/2006,16.42,16.77,16.42,16.6,14.8,3519300
06/07/2006,16.66,17.02,16.62,16.93,15.09,5625700
07/07/2006,16.76,17.0,16.61,16.98,15.14,2942400
10/07/2006,16.99,17.53,16.95,17.37,15.48,5838200
11/07/2006,17.1,17.13,16.61,16.98,15.14,3999200
12/07/2006,17.05,17.11,16.86,16.97,15.13,2594100
13/07/2006,16.9,16.92,16.26,16.35,14.57,3088300
14/07/2006,16.14,16.27,15.85,16.04,14.3,3838100
17/07/2006,16.04,16.22,15.69,15.85,14.13,5357800
18/07/2006,15.85,16.04,15.66,15.94,14.21,4110800
19/07/2006,16.81,17.48,16.8,17.24,15.37,10005500
20/07/2006,16.91,17.37,16.9,17.26,15.39,8674700
21/07/2006,17.27,17.29,17.03,17.14,15.28,5844400
24/07/2006,17.21,17.62,17.21,17.44,15.55,3855000
25/07/2006,17.29,17.86,17.05,17.77,15.84,5488000
26/07/2006,17.7,17.95,17.63,17.85,15.91,5753400
27/07/2006,17.9,18.19,17.87,18.15,16.18,11632800
28/07/2006,18.02,18.2,17.82,18.15,16.18,4788800
31/07/2006,17.8,18.08,17.75,17.99,16.04,4400100
01/08/2006,17.98,18.0,17.3,17.54,15.64,3663100
02/08/2006,17.44,17.8,17.44,17.65,15.73,5192300
03/08/2006,17.75,18.01,17.57,17.96,16.01,4819700
04/08/2006,17.83,18.09,17.71,17.97,16.02,3714300
07/08/2006,17.98,17.98,17.61,17.69,15.77,3347500
08/08/2006,17.67,17.69,17.35,17.4,15.51,4311100
09/08/2006,16.87,17.08,16.62,16.9,15.06,5968400
10/08/2006,16.6,17.14,16.58,16.94,15.1,5837300
11/08/2006,16.8,16.8,16.09,16.31,14.54,6005300
14/08/2006,16.5,16.84,16.39,16.44,14.65,4386300
15/08/2006,17.1,17.2,16.96,16.99,15.14,4406800
16/08/2006,17.15,17.84,17.1,17.76,15.83,4796700
17/08/2006,17.47,17.8,17.32,17.45,15.55,4585100
18/08/2006,17.45,17.55,17.23,17.27,15.39,3309200
21/08/2006,17.17,17.3,16.9,17.22,15.35,2536500
22/08/2006,17.25,17.47,17.16,17.29,15.41,2871000
23/08/2006,17.34,17.48,16.43,17.25,15.38,2569700
24/08/2006,17.2,17.45,17.1,17.15,15.29,1824800
25/08/2006,17.06,17.17,16.79,16.95,15.11,3635400
28/08/2006,17.0,17.5,17.0,17.29,15.41,4716700
29/08/2006,17.4,17.58,17.3,17.4,15.51,3645200
30/08/2006,17.41,17.44,17.3,17.36,15.48,3145900
31/08/2006,17.36,17.45,17.18,17.32,15.44,4594500
01/09/2006,17.43,17.45,17.09,17.22,15.35,3200300
05/09/2006,17.4,17.51,17.21,17.34,15.46,5690300
06/09/2006,17.35,17.45,16.82,16.88,15.05,7445500
07/09/2006,16.78,16.82,16.25,16.4,14.62,8091600
08/09/2006,16.5,16.57,16.34,16.48,14.69,6123000
11/09/2006,16.5,16.5,16.23,16.32,14.55,6967400
12/09/2006,16.32,16.96,16.3,16.87,15.04,7838500
13/09/2006,16.97,17.04,16.62,16.7,14.89,6805900
14/09/2006,16.65,16.82,16.65,16.69,14.88,4764300
15/09/2006,16.68,16.89,16.44,16.51,14.72,11877200
18/09/2006,16.82,16.98,16.47,16.49,14.7,7544400
19/09/2006,16.49,16.82,16.34,16.71,14.9,5830500
20/09/2006,16.72,16.85,16.52,16.77,14.95,6035600
21/09/2006,16.84,16.88,16.39,16.39,14.61,3354700
22/09/2006,16.4,16.66,16.33,16.42,14.64,2102900
25/09/2006,16.54,16.73,16.39,16.59,14.79,3706200
26/09/2006,16.59,16.87,16.5,16.85,15.02,3220100
27/09/2006,16.71,16.77,16.55,16.63,14.83,4223300
28/09/2006,16.75,16.85,16.63,16.64,14.84,4782100
29/09/2006,16.64,16.77,16.5,16.66,14.85,3021800
02/10/2006,16.77,16.99,16.64,16.86,15.03,4106400
03/10/2006,16.9,17.03,16.83,16.85,15.02,4351400
04/10/2006,16.85,17.02,16.72,16.79,14.97,4835900
05/10/2006,16.73,16.8,16.5,16.77,14.95,6565000
06/10/2006,16.78,16.9,16.63,16.75,14.94,2583900
09/10/2006,16.75,16.86,16.6,16.76,14.94,5045200
10/10/2006,16.76,16.76,16.43,16.46,14.68,3741300
11/10/2006,16.4,16.58,16.27,16.5,14.71,5125900
12/10/2006,16.58,16.87,16.49,16.78,14.96,3321700
13/10/2006,16.76,16.8,16.35,16.44,14.66,3801500
16/10/2006,16.44,16.69,16.36,16.57,14.77,3269200
17/10/2006,16.39,16.5,16.3,16.35,14.58,3711600
18/10/2006,16.43,16.55,16.35,16.54,14.75,4371500
19/10/2006,16.37,16.37,15.9,16.02,14.28,7965700
20/10/2006,16.07,16.07,15.69,15.77,14.06,14390500
23/10/2006,15.77,15.9,15.46,15.64,13.95,8562800
24/10/2006,15.74,15.78,15.43,15.55,13.87,9751600
25/10/2006,15.55,15.6,15.15,15.25,13.6,7253300
26/10/2006,15.26,15.63,15.26,15.53,13.85,8492800
27/10/2006,15.45,15.5,15.25,15.27,13.62,5650600
30/10/2006,15.29,15.36,15.0,15.09,13.46,10018000
31/10/2006,15.18,15.21,14.94,15.03,13.4,10037400
01/11/2006,15.02,15.14,14.9,14.93,13.31,8733800
02/11/2006,14.94,15.0,14.65,14.75,13.15,9059500
03/11/2006,14.72,14.83,14.61,14.62,13.04,8414900
06/11/2006,14.69,15.02,14.67,14.94,13.32,9866600
07/11/2006,15.35,15.53,15.3,15.34,13.68,11653100
08/11/2006,15.27,15.35,14.96,15.3,13.64,8006900
09/11/2006,15.38,15.38,14.9,14.95,13.33,7067300
10/11/2006,15.0,15.33,15.0,15.22,13.57,7578100
13/11/2006,15.2,15.51,15.14,15.45,13.78,7427100
14/11/2006,15.46,15.6,15.18,15.24,13.59,10400500
15/11/2006,15.84,16.01,15.65,15.94,14.21,17353400
16/11/2006,15.9,16.09,15.5,15.96,14.23,13811900
17/11/2006,16.02,16.08,15.66,15.83,14.11,8087300
20/11/2006,15.83,15.95,15.67,15.71,14.01,6988200
21/11/2006,15.7,15.88,15.68,15.82,14.11,10073600
22/11/2006,15.92,16.05,15.82,16.0,14.27,5337000
24/11/2006,15.97,16.33,15.86,16.25,14.49,4420800
27/11/2006,16.07,16.31,15.76,15.81,14.1,10451900
28/11/2006,15.76,15.88,15.63,15.78,14.07,7983300
29/11/2006,15.85,15.89,15.65,15.75,14.04,7702600
30/11/2006,15.68,15.81,15.6,15.71,14.01,5964600
01/12/2006,15.6,15.83,15.4,15.45,13.78,6106400
04/12/2006,15.55,15.71,15.51,15.7,14.0,5662700
05/12/2006,15.6,15.83,15.52,15.63,13.94,5536700
06/12/2006,15.85,15.85,15.47,15.51,13.83,5148700
07/12/2006,15.73,15.74,15.35,15.36,13.7,6312800
08/12/2006,15.33,15.6,15.2,15.6,13.91,6532600
11/12/2006,15.9,15.94,15.71,15.86,14.15,6839500
12/12/2006,15.76,15.81,15.47,15.51,13.83,9453200
13/12/2006,15.85,16.01,15.76,15.94,14.22,8622200
14/12/2006,15.85,15.9,15.55,15.75,14.05,9490000
15/12/2006,15.8,16.03,15.75,15.89,14.17,8322900
18/12/2006,15.96,16.02,15.78,15.82,14.11,4771100
19/12/2006,15.82,15.95,15.63,15.85,14.14,5757100
20/12/2006,15.76,15.79,15.44,15.46,13.79,8811800
21/12/2006,15.53,15.62,15.25,15.33,13.67,5574600
22/12/2006,15.26,15.34,15.2,15.27,13.62,3104400
26/12/2006,15.24,15.35,15.18,15.29,13.64,3315900
27/12/2006,15.4,15.51,15.35,15.51,13.83,3504800
28/12/2006,15.54,15.63,15.4,15.51,13.83,3776400
29/12/2006,15.47,15.5,15.3,15.32,13.66,3601300
03/01/2007,15.46,15.78,15.35,15.52,13.84,7007400
04/01/2007,15.5,15.85,15.42,15.76,14.06,7568700
05/01/2007,15.8,15.85,15.42,15.5,13.83,5059700
08/01/2007,15.48,15.8,15.34,15.78,14.07,6256800
09/01/2007,15.89,15.98,15.7,15.81,14.1,7097100
10/01/2007,16.0,16.05,15.8,16.05,14.32,9463100
11/01/2007,16.01,16.15,16.0,16.15,14.4,11504200
12/01/2007,16.13,16.28,16.01,16.22,14.47,10524100
16/01/2007,16.28,16.58,16.22,16.57,14.78,11919300
17/01/2007,16.14,16.3,15.85,15.9,14.18,17090700
18/01/2007,15.96,16.18,15.82,15.84,14.13,8469900
19/01/2007,15.85,15.94,15.68,15.91,14.19,5599000
22/01/2007,15.9,15.92,15.36,15.51,13.83,9120700
23/01/2007,15.34,15.42,15.25,15.37,13.71,13407900
24/01/2007,15.33,15.37,15.25,15.29,13.64,9347200
25/01/2007,15.26,15.34,15.1,15.13,13.49,6466100
26/01/2007,15.07,15.12,14.95,15.08,13.45,12677000
29/01/2007,15.0,15.3,15.0,15.14,13.5,9112600
30/01/2007,15.13,15.2,15.01,15.14,13.5,8063500
31/01/2007,15.03,15.17,14.96,15.1,13.47,7734900
01/02/2007,15.12,15.38,15.0,15.35,13.69,9809500
02/02/2007,15.39,15.47,15.23,15.26,13.61,5894400
05/02/2007,15.27,15.32,15.02,15.03,13.41,7286100
06/02/2007,15.03,15.25,15.02,15.21,13.57,7018700
07/02/2007,15.19,15.2,15.03,15.13,13.49,6945300
08/02/2007,15.14,15.3,15.09,15.16,13.52,6835400
09/02/2007,15.2,15.36,15.14,15.15,13.51,6758400
12/02/2007,15.64,15.85,15.48,15.77,14.07,11123600
13/02/2007,15.87,15.95,15.62,15.8,14.09,10512300
14/02/2007,15.86,16.14,15.76,16.09,14.35,6960600
15/02/2007,15.95,16.05,15.71,15.76,14.06,8913200
16/02/2007,15.79,15.92,15.65,15.7,14.0,7409200
20/02/2007,15.75,15.78,15.59,15.64,13.95,6521300
21/02/2007,15.59,15.7,15.55,15.61,13.92,4925200
22/02/2007,15.72,15.79,15.58,15.61,13.92,4139200
23/02/2007,15.61,15.61,15.35,15.4,13.74,5424600
26/02/2007,15.4,15.49,15.3,15.35,13.69,5640600
27/02/2007,15.22,15.28,15.04,15.1,13.47,9872500
28/02/2007,15.12,15.19,15.04,15.12,13.49,12386600
01/03/2007,15.05,15.37,14.94,15.34,13.69,12673500
02/03/2007,15.5,15.59,15.15,15.2,13.56,7596000
05/03/2007,15.03,15.28,15.03,15.09,13.46,6859000
06/03/2007,15.16,15.21,14.92,15.05,13.43,12262800
07/03/2007,15.11,15.12,14.95,14.95,13.34,7823700
08/03/2007,15.02,15.2,15.0,15.15,13.52,7072600
09/03/2007,15.17,15.24,15.05,15.07,13.45,5190800
12/03/2007,15.05,15.15,15.02,15.06,13.44,3623800
13/03/2007,15.05,15.05,14.77,14.78,13.19,9534600
14/03/2007,14.92,14.95,14.56,14.88,13.28,13289300
15/03/2007,14.88,14.94,14.82,14.9,13.29,3966700
16/03/2007,15.05,15.15,14.93,15.0,13.38,7650500
19/03/2007,15.05,15.05,14.95,15.0,13.38,4399200
20/03/2007,14.96,15.16,14.95,15.12,13.49,5519000
21/03/2007,15.12,15.27,15.02,15.26,13.62,4460900
22/03/2007,15.09,15.26,14.95,14.98,13.37,5688000
23/03/2007,14.96,15.1,14.96,15.0,13.38,6448400
26/03/2007,14.96,15.01,14.83,14.88,13.28,5243600
27/03/2007,14.85,14.95,14.81,14.86,13.26,5547200
28/03/2007,14.85,14.85,14.66,14.69,13.11,10303300
29/03/2007,14.74,14.74,14.5,14.63,13.05,5823900
30/03/2007,14.65,14.75,14.61,14.7,13.12,12156700
02/04/2007,14.75,14.79,14.69,14.75,13.16,4895400
03/04/2007,14.85,15.08,14.8,15.08,13.45,7498300
04/04/2007,15.12,15.29,15.08,15.1,13.47,6748800
05/04/2007,15.0,15.13,14.99,15.08,13.45,4334000
09/04/2007,15.07,15.15,15.01,15.13,13.5,3008500
10/04/2007,15.1,15.15,15.0,15.01,13.39,3944000
11/04/2007,15.01,15.29,15.0,15.24,13.6,8373700
12/04/2007,15.15,15.25,15.09,15.2,13.56,6843100
13/04/2007,15.1,15.2,15.06,15.16,13.53,4651400
16/04/2007,15.14,15.34,15.12,15.29,13.64,5279800
17/04/2007,15.28,15.41,15.15,15.2,13.56,6062800
18/04/2007,15.3,15.9,15.22,15.66,13.97,14911600
19/04/2007,15.5,15.76,15.06,15.37,13.71,19923100
20/04/2007,15.37,15.41,14.86,14.97,13.36,23495900
23/04/2007,15.01,15.01,14.75,14.76,13.17,15378300
24/04/2007,14.91,14.95,14.34,14.53,12.96,22389200
25/04/2007,14.55,14.63,14.46,14.55,12.98,13213600
26/04/2007,14.6,14.8,14.47,14.51,12.95,12695400
27/04/2007,14.48,14.53,14.28,14.29,12.75,12176300
30/04/2007,14.31,14.53,14.21,14.35,12.8,12539400
01/05/2007,14.32,14.33,14.15,14.26,12.72,12390400
02/05/2007,14.24,14.65,14.14,14.56,12.99,14241000
03/05/2007,14.56,14.67,14.35,14.51,12.95,10044900
04/05/2007,14.59,14.7,14.53,14.68,13.1,8530200
07/05/2007,14.75,14.82,14.71,14.75,13.16,6222300
08/05/2007,14.7,14.72,14.51,14.69,13.11,6514200
09/05/2007,14.55,14.71,14.37,14.54,12.97,7683700
10/05/2007,14.5,14.5,14.28,14.32,12.78,7126100
11/05/2007,14.33,14.45,14.27,14.31,12.77,5256900
14/05/2007,14.3,14.35,14.21,14.35,12.8,8066500
15/05/2007,14.32,14.49,14.21,14.22,12.69,6999400
16/05/2007,14.27,14.45,14.26,14.42,12.87,7466800
17/05/2007,14.43,14.56,14.3,14.36,12.81,11717700
18/05/2007,14.4,14.54,14.36,14.51,12.95,7223100
21/05/2007,14.44,14.51,14.32,14.39,12.84,4732300
22/05/2007,14.4,14.57,14.29,14.51,12.95,8492000
23/05/2007,14.57,14.65,14.45,14.49,12.93,5668300
24/05/2007,14.48,14.59,14.38,14.47,12.91,4874500
25/05/2007,14.48,14.5,14.4,14.47,12.91,3928200
29/05/2007,14.41,14.41,14.2,14.25,12.71,10455700
30/05/2007,14.24,14.39,14.22,14.35,12.8,6389700
31/05/2007,14.31,14.4,14.27,14.31,12.77,5503600
01/06/2007,14.38,14.4,14.2,14.26,12.72,6649700
04/06/2007,14.23,14.35,14.21,14.27,12.73,7552000
05/06/2007,14.21,14.28,14.18,14.19,12.67,7157300
06/06/2007,14.19,14.24,14.03,14.22,12.69,8004000
07/06/2007,14.16,14.22,14.1,14.13,12.61,7402800
08/06/2007,14.23,14.53,14.18,14.51,12.95,10426800
11/06/2007,14.46,14.6,14.36,14.53,12.97,7796500
12/06/2007,14.39,14.59,14.37,14.47,12.92,6965900
13/06/2007,14.46,14.47,14.15,14.35,12.81,8845400
14/06/2007,14.25,14.72,14.25,14.65,13.08,9040900
15/06/2007,14.65,14.7,14.51,14.54,12.98,8846000
18/06/2007,14.56,14.61,14.45,14.51,12.95,11945400
19/06/2007,14.43,14.81,14.42,14.7,13.12,8779500
20/06/2007,14.71,14.95,14.71,14.88,13.28,10487800
21/06/2007,14.85,14.95,14.65,14.88,13.28,7966200
22/06/2007,14.84,15.1,14.74,15.05,13.43,10153000
25/06/2007,15.06,15.15,14.96,15.0,13.39,9141900
26/06/2007,15.01,15.03,14.63,14.64,13.07,8731600
27/06/2007,14.64,14.88,14.54,14.83,13.24,9767800
28/06/2007,14.92,15.03,14.79,14.93,13.33,13582500
29/06/2007,14.91,15.0,14.78,14.91,13.31,6161700
02/07/2007,14.84,14.99,14.84,14.94,13.33,7135900
03/07/2007,14.97,15.15,14.95,15.12,13.5,4638700
05/07/2007,15.0,15.41,15.0,15.38,13.73,10752200
06/07/2007,15.38,15.58,15.25,15.55,13.88,10562300
09/07/2007,15.54,15.6,15.32,15.55,13.88,8947700
10/07/2007,15.35,15.53,15.32,15.34,13.69,7260500
11/07/2007,15.33,15.58,15.3,15.55,13.88,7275200
12/07/2007,15.51,15.59,15.41,15.5,13.83,8047400
13/07/2007,15.43,15.59,15.36,15.5,13.83,5564500
16/07/2007,15.46,15.68,15.46,15.63,13.95,6315600
17/07/2007,15.58,15.74,15.43,15.59,13.91,9549900
18/07/2007,15.5,15.77,15.45,15.72,14.03,13381400
19/07/2007,15.8,16.49,15.8,16.4,14.64,17860000
20/07/2007,16.09,16.39,16.09,16.35,14.59,12141000
23/07/2007,16.27,16.5,16.25,16.42,14.66,7578900
24/07/2007,16.42,16.57,16.26,16.29,14.54,7570800
25/07/2007,16.29,16.36,16.14,16.29,14.54,9454100
26/07/2007,15.98,16.06,15.31,15.65,13.97,14921800
27/07/2007,15.61,15.82,15.47,15.66,13.98,9730100
30/07/2007,15.75,16.1,15.59,16.0,14.28,10459100
31/07/2007,15.97,16.07,15.66,15.66,13.98,11549400
01/08/2007,15.58,15.81,15.55,15.77,14.08,6026300
02/08/2007,15.55,16.03,15.55,15.9,14.19,8948800
03/08/2007,15.6,15.94,15.6,15.6,13.92,11228800
06/08/2007,15.7,15.76,15.31,15.76,14.07,11198400
07/08/2007,15.76,16.02,15.49,15.95,14.24,9975100
08/08/2007,15.94,16.65,15.82,16.6,14.82,9481000
09/08/2007,15.94,16.96,15.65,16.6,14.82,16730300
10/08/2007,16.3,16.65,16.01,16.19,14.45,13590600
13/08/2007,16.16,16.39,15.75,15.95,14.24,7356800
14/08/2007,15.99,16.02,15.63,15.77,14.08,7504900
15/08/2007,15.84,15.99,15.15,15.19,13.56,7716800
16/08/2007,15.24,15.45,14.66,15.17,13.54,11550500
17/08/2007,15.08,15.54,14.88,15.04,13.42,11532800
20/08/2007,15.01,15.25,14.96,15.1,13.48,4102600
21/08/2007,15.11,15.49,15.11,15.28,13.64,4900900
22/08/2007,15.36,15.55,15.28,15.49,13.83,4329400
23/08/2007,15.6,15.6,15.15,15.28,13.64,4083400
24/08/2007,15.34,15.52,15.28,15.52,13.85,2585100
27/08/2007,15.48,15.49,15.19,15.23,13.59,3818900
28/08/2007,15.26,15.31,14.99,15.0,13.39,4337300
29/08/2007,15.08,15.32,15.01,15.29,13.65,2908200
30/08/2007,15.16,15.35,14.94,15.1,13.48,4260500
31/08/2007,15.16,15.21,14.98,15.11,13.49,3124300
04/09/2007,15.11,15.4,15.03,15.3,13.66,3432900
05/09/2007,15.22,15.37,15.07,15.09,13.47,3780300
06/09/2007,15.15,15.23,14.95,15.15,13.53,3069100
07/09/2007,15.0,15.04,14.77,14.82,13.23,4356200
10/09/2007,14.98,15.01,14.64,14.66,13.09,4689800
11/09/2007,14.7,14.91,14.62,14.89,13.29,2809200
12/09/2007,14.81,14.86,14.45,14.47,12.92,6173600
13/09/2007,14.51,14.59,14.32,14.41,12.87,6427100
14/09/2007,14.37,14.45,14.21,14.26,12.73,8844400
17/09/2007,14.3,15.02,14.27,14.61,13.04,11022700
18/09/2007,14.67,15.08,14.54,15.07,13.45,6137100
19/09/2007,15.09,15.25,15.03,15.13,13.51,7264400
20/09/2007,15.2,15.41,15.09,15.11,13.49,7112000
21/09/2007,15.25,15.4,15.11,15.34,13.7,9984700
24/09/2007,15.29,15.33,14.95,14.99,13.38,5504900
25/09/2007,14.95,14.98,14.72,14.81,13.22,8549500
26/09/2007,14.78,15.05,14.78,14.9,13.3,4214100
27/09/2007,14.91,15.01,14.7,14.75,13.17,4668500
28/09/2007,14.68,14.88,14.65,14.8,13.21,4321200
01/10/2007,14.65,14.89,14.55,14.79,13.2,5186900
02/10/2007,14.71,15.02,14.69,14.95,13.35,4198300
03/10/2007,14.95,15.04,14.75,14.82,13.23,4286800
04/10/2007,14.76,14.92,14.71,14.75,13.17,3356000
05/10/2007,14.88,15.05,14.86,14.92,13.32,3973700
08/10/2007,14.89,15.01,14.8,14.95,13.35,2861400
09/10/2007,14.96,15.06,14.9,14.96,13.36,3428000
10/10/2007,15.0,15.05,14.8,14.92,13.32,2365700
11/10/2007,14.89,15.03,14.58,14.68,13.11,4433400
12/10/2007,14.59,14.79,14.55,14.67,13.1,3489600
15/10/2007,14.6,14.64,14.5,14.57,13.01,3344200
16/10/2007,14.57,14.69,14.48,14.51,12.95,4690200
17/10/2007,14.59,14.64,14.36,14.56,13.0,4752200
18/10/2007,14.75,14.75,14.22,14.33,12.79,7860400
19/10/2007,14.3,14.33,13.95,13.96,12.46,7866800
22/10/2007,13.97,14.23,13.9,14.03,12.53,6042100
23/10/2007,14.03,14.3,14.03,14.22,12.7,4506800
24/10/2007,14.18,14.26,13.82,14.08,12.57,5063600
25/10/2007,14.07,14.1,13.7,13.82,12.34,4458800
26/10/2007,13.87,13.96,13.74,13.89,12.4,4919500
29/10/2007,13.95,13.96,13.7,13.84,12.36,4301400
30/10/2007,13.85,14.2,13.85,14.0,12.5,4781800
31/10/2007,14.1,14.24,13.91,14.21,12.69,6005500
01/11/2007,14.02,14.14,13.75,13.77,12.29,4475900
02/11/2007,13.86,14.1,13.8,13.97,12.47,5309900
05/11/2007,13.94,14.0,13.75,13.89,12.4,3505400
06/11/2007,13.98,13.98,13.5,13.63,12.17,5931800
07/11/2007,13.5,13.62,13.27,13.27,11.85,6012600
08/11/2007,13.28,13.34,12.89,13.25,11.83,7245200
09/11/2007,13.1,13.41,13.03,13.23,11.81,7597000
12/11/2007,13.24,14.44,13.24,14.36,12.82,14931300
13/11/2007,14.43,14.78,14.26,14.52,12.96,10905500
14/11/2007,14.58,14.8,14.21,14.38,12.84,6142500
15/11/2007,14.29,14.43,14.07,14.14,12.62,4254100
16/11/2007,14.21,14.27,13.84,13.99,12.49,5625500
19/11/2007,13.87,13.99,13.46,13.47,12.03,5451400
20/11/2007,13.46,13.64,12.93,13.27,11.85,8766600
21/11/2007,13.19,13.59,12.98,13.5,12.05,6617600
23/11/2007,13.73,13.8,13.55,13.73,12.26,2167600
26/11/2007,13.76,13.82,13.34,13.38,11.95,4531300
27/11/2007,13.56,13.66,13.15,13.42,11.98,5320000
28/11/2007,13.53,13.86,13.32,13.82,12.34,4272000
29/11/2007,13.75,13.79,13.31,13.45,12.01,5573000
30/11/2007,13.6,14.17,13.54,14.15,12.63,9420200
03/12/2007,14.04,14.19,13.71,13.74,12.27,4536700
04/12/2007,13.69,13.93,13.47,13.8,12.33,5291600
05/12/2007,13.9,13.91,13.58,13.73,12.26,4292100
06/12/2007,13.7,13.98,13.62,13.96,12.47,3768600
07/12/2007,13.96,14.44,13.96,14.28,12.75,5695700
10/12/2007,14.29,14.29,14.05,14.22,12.7,3644600
11/12/2007,14.21,14.21,13.59,13.6,12.15,4544600
12/12/2007,13.88,14.04,13.09,13.32,11.9,9426700
13/12/2007,13.23,13.69,13.1,13.39,11.96,7496000
14/12/2007,13.23,13.43,13.16,13.24,11.83,4775100
17/12/2007,13.16,13.27,12.8,12.83,11.46,5171800
18/12/2007,12.95,12.95,12.63,12.83,11.46,5177700
19/12/2007,12.81,13.03,12.65,12.96,11.58,4735700
20/12/2007,13.03,13.11,12.66,12.84,11.47,4385000
21/12/2007,12.96,13.01,12.16,12.54,11.2,9287700
24/12/2007,12.51,12.87,12.51,12.86,11.49,2883600
26/12/2007,12.8,12.8,12.5,12.62,11.27,2895400
27/12/2007,12.51,12.69,12.36,12.37,11.05,4199100
28/12/2007,12.4,12.53,12.14,12.23,10.92,3856200
31/12/2007,12.17,12.36,12.12,12.2,10.9,4171400
02/01/2008,12.18,12.3,11.76,11.8,10.54,6875600
03/01/2008,11.86,12.0,11.52,11.6,10.36,7971600
04/01/2008,11.5,11.58,11.3,11.42,10.2,7848400
07/01/2008,11.5,11.88,11.49,11.87,10.6,8623900
08/01/2008,11.91,11.91,11.28,11.31,10.1,8691100
09/01/2008,11.41,11.46,11.02,11.27,10.07,11877700
10/01/2008,11.31,12.24,11.15,12.15,10.85,15218400
11/01/2008,12.06,12.2,11.49,11.7,10.45,15302400
14/01/2008,11.77,11.88,11.6,11.82,10.56,8094800
15/01/2008,11.68,12.19,11.63,12.11,10.82,14378600
16/01/2008,12.03,12.25,11.83,12.08,10.79,8864900
17/01/2008,12.1,12.36,11.83,11.92,10.65,9853400
18/01/2008,11.98,12.24,11.81,12.07,10.78,9302700
22/01/2008,11.5,12.02,11.5,11.98,10.7,9142500
23/01/2008,12.07,12.77,11.58,12.76,11.4,12892900
24/01/2008,12.71,12.71,11.9,11.95,10.67,10949500
25/01/2008,12.04,12.15,11.89,12.01,10.73,9872200
28/01/2008,12.0,12.19,11.8,12.17,10.87,8361300
29/01/2008,12.22,12.28,12.01,12.1,10.81,7293900
30/01/2008,12.07,12.21,11.81,11.88,10.61,10833000
31/01/2008,11.96,11.96,11.7,11.72,10.47,17184000
01/02/2008,11.75,12.2,11.62,12.18,10.88,14771000
04/02/2008,12.25,12.43,11.8,11.91,10.64,7638400
05/02/2008,11.96,12.0,11.71,11.71,10.46,10491900
06/02/2008,11.81,12.22,11.81,11.96,10.68,8548900
07/02/2008,12.05,12.93,12.0,12.9,11.52,18962900
08/02/2008,12.86,12.86,12.6,12.8,11.43,10329600
11/02/2008,12.77,12.85,12.56,12.81,11.44,4919900
12/02/2008,12.86,13.0,12.65,12.76,11.4,4458400
13/02/2008,12.83,13.1,12.81,13.08,11.68,7323500
14/02/2008,13.06,13.1,12.62,12.64,11.29,7114000
15/02/2008,12.64,13.0,12.64,12.65,11.3,8721100
19/02/2008,12.77,12.83,12.44,12.48,11.15,11491100
20/02/2008,12.41,12.87,12.33,12.79,11.42,5480600
21/02/2008,12.85,13.03,12.55,12.63,11.28,4859300
22/02/2008,12.7,12.89,12.53,12.87,11.49,5150000
25/02/2008,12.9,12.99,12.64,12.97,11.58,4419700
26/02/2008,12.97,13.09,12.8,12.95,11.57,4221700
27/02/2008,12.85,12.86,12.65,12.75,11.39,4282300
28/02/2008,12.79,12.85,12.52,12.55,11.21,4994700
29/02/2008,12.49,12.62,12.21,12.26,10.95,5528400
03/03/2008,12.22,12.3,12.06,12.23,10.93,5423800
04/03/2008,12.09,12.71,12.09,12.64,11.29,7112400
05/03/2008,12.29,13.01,12.29,12.99,11.61,9130300
06/03/2008,12.9,12.9,12.46,12.5,11.17,6690400
07/03/2008,12.38,12.75,12.12,12.19,10.89,6139200
10/03/2008,12.2,12.42,12.02,12.07,10.78,6663200
11/03/2008,12.32,12.4,12.04,12.4,11.08,5703600
12/03/2008,12.4,12.4,11.43,11.49,10.27,14764600
13/03/2008,11.21,11.82,11.12,11.7,10.45,9921600
14/03/2008,11.81,11.94,11.32,11.64,10.4,8657600
17/03/2008,11.39,11.73,11.29,11.57,10.34,9118100
18/03/2008,11.77,12.17,11.5,12.16,10.86,7870100
19/03/2008,12.11,12.33,11.76,11.76,10.51,8805300
20/03/2008,11.94,12.36,11.75,12.26,10.95,6736500
24/03/2008,12.29,12.36,12.1,12.18,10.88,5640300
25/03/2008,12.21,12.55,12.1,12.46,11.13,5300500
26/03/2008,12.37,12.5,11.76,11.8,10.54,6850800
27/03/2008,11.85,12.52,11.85,12.19,10.89,10223100
28/03/2008,12.23,12.38,11.85,12.03,10.75,11058300
31/03/2008,12.05,12.43,12.05,12.4,11.08,14630000
01/04/2008,12.52,12.77,12.45,12.75,11.39,15131600
02/04/2008,12.74,12.97,12.61,12.78,11.42,7359500
03/04/2008,12.68,12.74,12.4,12.71,11.36,9799500
04/04/2008,12.43,12.86,12.43,12.66,11.31,6571200
07/04/2008,12.62,12.75,12.5,12.72,11.37,4184000
08/04/2008,12.75,12.84,12.49,12.67,11.32,6660200
09/04/2008,12.7,12.78,12.36,12.5,11.17,6737400
10/04/2008,12.48,12.97,12.48,12.94,11.56,6559800
11/04/2008,12.86,12.94,12.58,12.65,11.3,7565000
14/04/2008,12.67,12.9,12.63,12.71,11.36,5612400
15/04/2008,12.82,12.94,12.06,12.35,11.03,9870000
16/04/2008,12.61,12.77,12.35,12.5,11.17,9063500
17/04/2008,12.37,12.85,12.25,12.61,11.27,6675200
18/04/2008,12.77,12.77,12.41,12.57,11.23,7301500
21/04/2008,12.48,12.6,12.19,12.3,10.99,7445000
22/04/2008,12.22,12.38,11.77,11.78,10.53,9047000
23/04/2008,11.88,12.31,11.75,12.17,10.87,10102200
24/04/2008,12.16,12.77,12.16,12.7,11.35,9396800
25/04/2008,12.74,12.86,12.46,12.73,11.37,5765100
28/04/2008,12.75,13.0,12.56,12.91,11.54,6239500
29/04/2008,13.01,13.36,12.94,13.34,11.92,7874800
30/04/2008,13.39,13.5,13.13,13.24,11.83,10375800
01/05/2008,13.19,13.59,13.14,13.52,12.08,9716200
02/05/2008,13.57,13.66,13.22,13.45,12.02,10107900
05/05/2008,13.11,13.56,13.0,13.4,11.97,5599200
06/05/2008,13.3,13.45,12.95,13.37,11.95,5908500
07/05/2008,13.35,13.47,12.93,12.99,11.61,7614800
08/05/2008,13.04,13.42,12.96,13.23,11.82,5116300
09/05/2008,13.06,13.1,12.85,12.99,11.61,6754700
12/05/2008,13.0,13.34,13.0,13.3,11.88,3711300
13/05/2008,13.27,13.37,12.96,13.12,11.72,5630000
14/05/2008,13.15,13.65,13.12,13.5,12.06,7797500
15/05/2008,13.48,13.5,13.27,13.45,12.02,7881900
16/05/2008,13.32,13.53,13.21,13.39,11.96,4771500
19/05/2008,13.39,13.55,13.18,13.22,11.81,5021600
20/05/2008,13.18,13.32,12.92,13.0,11.62,7171100
21/05/2008,13.01,13.07,12.36,12.43,11.11,12201300
22/05/2008,12.44,12.8,12.44,12.51,11.18,6207500
23/05/2008,12.44,12.52,12.21,12.26,10.95,5639900
27/05/2008,12.39,12.79,12.37,12.62,11.28,7135300
28/05/2008,12.89,12.96,12.55,12.75,11.39,6155500
29/05/2008,12.75,13.31,12.69,13.18,11.78,6058100
30/05/2008,13.29,13.29,12.95,13.06,11.67,5651200
02/06/2008,13.08,13.14,12.82,12.99,11.61,6032100
03/06/2008,13.01,13.82,13.01,13.52,12.08,16627000
04/06/2008,13.45,13.72,13.42,13.59,12.14,15575500
05/06/2008,13.7,14.77,13.7,14.21,12.7,15799800
06/06/2008,13.95,13.95,13.52,13.68,12.22,12023000
09/06/2008,13.7,14.25,13.68,14.19,12.68,10040000
10/06/2008,14.0,14.16,13.75,13.91,12.43,12412100
11/06/2008,13.86,14.05,13.5,13.5,12.07,7273900
12/06/2008,13.69,13.98,13.28,13.54,12.1,8299300
13/06/2008,13.57,14.31,13.57,14.3,12.78,8930600
16/06/2008,14.18,14.18,13.75,14.0,12.51,10565900
17/06/2008,14.09,14.5,14.09,14.3,12.78,10298700
18/06/2008,14.2,14.55,13.93,14.14,12.64,10417900
19/06/2008,14.2,14.89,14.15,14.8,13.23,12934400
20/06/2008,14.59,14.63,13.71,14.11,12.61,14154500
23/06/2008,14.19,14.38,13.84,13.89,12.42,14074900
24/06/2008,13.87,14.05,13.53,13.87,12.4,10350800
25/06/2008,13.84,14.41,13.84,14.08,12.58,7456900
26/06/2008,13.9,13.93,13.37,13.41,11.99,10142900
27/06/2008,13.51,13.51,13.12,13.33,11.91,9820800
30/06/2008,13.26,13.47,12.91,13.04,11.66,10197800
01/07/2008,12.91,13.11,12.71,12.99,11.61,9898200
02/07/2008,13.06,13.48,12.84,12.85,11.49,7719300
03/07/2008,12.98,13.31,12.68,13.05,11.66,4765400
07/07/2008,13.32,13.45,12.86,13.15,11.75,7096700
08/07/2008,13.21,14.0,13.21,13.95,12.47,9060000
09/07/2008,14.08,14.08,13.36,13.45,12.02,9018300
10/07/2008,13.38,13.86,13.18,13.41,11.99,9180700
11/07/2008,13.09,13.58,12.8,13.2,11.8,8702500
14/07/2008,13.39,13.72,13.3,13.62,12.17,9150900
15/07/2008,13.49,14.06,13.34,13.75,12.29,11445900
16/07/2008,13.8,14.64,13.46,14.62,13.07,10112300
17/07/2008,14.65,15.1,14.12,14.99,13.4,14512600
18/07/2008,15.0,15.34,14.51,15.15,13.54,10235200
21/07/2008,14.99,15.25,14.68,14.8,13.23,6831800
22/07/2008,14.92,15.74,14.9,15.69,14.02,19551200
23/07/2008,15.66,15.91,15.19,15.88,14.19,13242900
24/07/2008,15.95,15.96,14.86,14.9,13.32,15750300
25/07/2008,15.2,15.53,15.0,15.2,13.59,12748200
28/07/2008,15.18,15.55,14.97,15.02,13.43,11802200
29/07/2008,15.09,15.88,15.0,15.76,14.09,14146700
30/07/2008,15.8,16.0,15.33,15.62,13.96,15410400
31/07/2008,15.52,16.09,15.4,15.59,13.93,11976500
01/08/2008,15.64,16.0,15.34,15.81,14.13,8948200
04/08/2008,15.75,16.41,15.55,16.08,14.37,12764200
05/08/2008,16.19,16.49,15.92,16.47,14.72,14961600
06/08/2008,16.38,16.49,16.03,16.46,14.71,11752500
07/08/2008,16.25,16.25,15.09,15.16,13.55,16510200
08/08/2008,15.45,15.95,15.38,15.8,14.12,17275100
11/08/2008,15.8,15.85,15.08,15.27,13.65,16883400
12/08/2008,15.02,15.18,14.69,14.76,13.19,18847800
13/08/2008,14.65,14.91,14.57,14.71,13.15,14147300
14/08/2008,14.6,15.11,14.6,14.85,13.27,9979000
15/08/2008,14.92,15.7,14.78,15.64,13.98,12251800
18/08/2008,15.55,15.63,15.09,15.22,13.6,9565400
19/08/2008,15.49,15.53,14.94,15.0,13.41,10752600
20/08/2008,15.02,15.33,14.59,14.79,13.22,11717200
21/08/2008,14.63,15.14,14.5,14.87,13.29,9413200
22/08/2008,14.99,15.27,14.75,15.25,13.63,5419700
25/08/2008,15.18,15.2,14.75,14.81,13.24,6630900
26/08/2008,14.88,15.0,14.63,14.77,13.21,7049300
27/08/2008,14.76,15.27,14.63,15.05,13.46,7973500
28/08/2008,15.11,15.59,14.98,15.49,13.85,5992900
29/08/2008,15.38,15.43,15.12,15.23,13.62,6552300
02/09/2008,15.83,16.0,15.25,15.41,13.78,10579100
03/09/2008,15.37,15.99,15.37,15.72,14.06,10679600
04/09/2008,15.44,15.76,15.25,15.61,13.96,12746000
05/09/2008,15.52,15.82,15.36,15.74,14.07,9918200
08/09/2008,15.71,15.93,14.9,15.81,14.14,11835200
09/09/2008,15.72,16.0,15.53,15.6,13.95,12041300
10/09/2008,15.84,15.99,15.62,15.91,14.23,12923400
11/09/2008,15.74,16.22,15.6,16.2,14.48,12993800
12/09/2008,16.1,16.39,15.78,16.19,14.48,13311000
15/09/2008,15.75,16.45,15.75,16.05,14.35,13478800
16/09/2008,15.78,16.77,15.77,16.41,14.67,19942800
17/09/2008,16.19,16.32,15.42,15.61,13.96,18101100
18/09/2008,15.77,15.77,14.84,15.6,13.95,17978200
19/09/2008,15.94,16.22,15.5,15.68,14.02,10561600
22/09/2008,15.38,15.64,14.2,14.76,13.2,9310200
23/09/2008,14.82,15.74,14.82,15.23,13.62,14508200
24/09/2008,15.25,15.26,14.53,14.74,13.18,10228100
25/09/2008,14.85,15.25,14.75,14.96,13.38,8278300
26/09/2008,14.72,14.99,14.35,14.57,13.03,9300700
29/09/2008,14.58,15.02,14.02,14.14,12.64,12824600
30/09/2008,14.47,14.58,13.82,14.51,12.97,9471600
01/10/2008,14.39,14.55,14.07,14.2,12.7,10778400
02/10/2008,14.18,14.97,13.38,13.39,11.97,14618600
03/10/2008,13.64,13.78,13.28,13.44,12.02,12019700
06/10/2008,13.19,13.69,12.2,12.81,11.45,15215900
07/10/2008,13.02,13.27,12.21,12.21,10.92,12172300
08/10/2008,12.02,12.63,11.57,11.59,10.36,13497900
09/10/2008,12.09,12.3,11.65,11.75,10.51,17239900
10/10/2008,11.51,12.37,11.25,11.88,10.62,24413400
13/10/2008,12.19,13.5,12.12,12.51,11.19,19247400
14/10/2008,13.01,13.19,12.1,12.32,11.02,15322100
15/10/2008,12.5,12.7,11.53,11.56,10.34,12624100
16/10/2008,12.2,12.57,11.46,12.49,11.17,17627500
17/10/2008,12.21,12.55,12.03,12.19,10.9,13158700
20/10/2008,12.27,12.92,12.01,12.9,11.53,8977000
21/10/2008,12.67,12.98,12.24,12.68,11.34,7038800
22/10/2008,12.59,12.79,11.64,12.0,10.73,12474800
23/10/2008,12.02,12.31,11.36,11.86,10.6,14324500
24/10/2008,11.39,11.57,10.94,10.97,9.81,11260900
27/10/2008,10.95,11.29,10.66,10.66,9.53,8866900
28/10/2008,10.91,11.15,10.26,11.12,9.94,12322400
29/10/2008,10.83,11.24,10.72,10.84,9.69,10038300
30/10/2008,11.06,11.35,10.99,11.24,10.05,9775800
31/10/2008,11.4,12.13,11.11,11.78,10.53,10613400
03/11/2008,11.99,12.19,11.7,11.8,10.55,6876600
04/11/2008,11.99,12.05,11.34,12.05,10.77,12305100
05/11/2008,11.89,12.14,11.7,11.72,10.48,7643600
06/11/2008,11.65,11.85,11.05,11.09,9.92,9681300
07/11/2008,11.18,11.43,10.96,11.29,10.09,7124400
10/11/2008,11.44,11.54,10.94,11.1,9.92,4711300
11/11/2008,11.1,11.11,10.64,10.86,9.71,7231000
12/11/2008,10.71,10.84,9.57,9.97,8.91,14044500
13/11/2008,10.25,10.69,9.76,10.48,9.37,16960800
14/11/2008,10.35,10.62,9.97,10.16,9.08,10931800
17/11/2008,10.15,10.29,9.75,9.9,8.85,8743200
18/11/2008,9.89,10.03,9.55,9.82,8.78,9441900
19/11/2008,9.81,9.94,8.64,8.67,7.75,14941000
20/11/2008,8.67,8.93,7.72,7.76,6.94,22008900
21/11/2008,7.97,8.29,7.68,7.96,7.12,24038000
24/11/2008,8.32,8.53,7.73,8.32,7.44,15990400
25/11/2008,8.44,9.05,8.32,8.5,7.6,15004200
26/11/2008,8.52,8.59,8.21,8.43,7.54,9602600
28/11/2008,8.6,8.92,8.35,8.65,7.73,4958400
01/12/2008,8.5,8.54,7.91,7.93,7.09,10217900
02/12/2008,8.06,8.35,7.81,8.33,7.45,10515500
03/12/2008,8.16,8.4,7.87,8.3,7.42,10469300
04/12/2008,8.21,8.76,8.14,8.43,7.54,9508900
05/12/2008,8.49,8.84,8.0,8.83,7.9,8963200
08/12/2008,9.1,9.1,8.66,8.91,7.97,8950900
09/12/2008,8.85,8.91,8.24,8.27,7.4,13092000
10/12/2008,8.36,8.44,7.76,7.88,7.05,14645000
11/12/2008,7.95,7.95,7.13,7.28,6.51,16057300
12/12/2008,7.21,7.39,7.05,7.3,6.53,13178000
15/12/2008,7.56,7.64,7.27,7.6,6.8,12771100
16/12/2008,7.68,8.04,7.66,8.0,7.16,14247700
17/12/2008,7.97,8.39,7.9,8.27,7.4,10503900
18/12/2008,8.28,8.4,8.07,8.17,7.31,11316900
19/12/2008,8.53,8.53,7.98,8.19,7.33,11686300
22/12/2008,8.23,8.35,7.35,7.87,7.04,9592500
23/12/2008,8.02,8.04,7.66,7.79,6.97,8061400
24/12/2008,7.81,8.17,7.81,8.1,7.25,4962700
26/12/2008,8.11,8.2,7.89,8.08,7.23,3790800
29/12/2008,8.01,8.07,7.76,8.05,7.2,7506300
30/12/2008,8.08,8.38,8.0,8.38,7.5,6560100
31/12/2008,8.43,8.67,8.3,8.62,7.71,6789900
02/01/2009,8.61,9.03,8.5,8.97,8.02,7945300
05/01/2009,8.91,8.91,8.5,8.68,7.77,8158900
06/01/2009,8.75,9.2,8.69,9.14,8.18,10760800
07/01/2009,9.04,9.21,8.8,8.94,8.0,9230600
08/01/2009,8.92,9.03,8.7,8.99,8.04,8033300
09/01/2009,8.94,8.94,8.51,8.56,7.66,7572600
12/01/2009,8.55,8.69,8.48,8.62,7.71,10444700
13/01/2009,8.6,8.77,8.32,8.34,7.46,11722700
14/01/2009,8.27,8.35,7.87,7.99,7.15,12025600
15/01/2009,7.99,8.49,7.77,8.28,7.41,13826300
16/01/2009,8.37,8.74,8.27,8.61,7.7,10165200
20/01/2009,8.64,8.8,8.11,8.14,7.28,11061400
21/01/2009,8.26,8.42,7.82,8.38,7.5,16305100
22/01/2009,8.86,9.95,8.58,9.81,8.78,25819100
23/01/2009,9.23,9.23,7.78,8.0,7.16,29740600
26/01/2009,8.15,8.15,7.78,7.88,7.05,13290000
27/01/2009,7.94,8.0,7.15,7.33,6.56,19329700
28/01/2009,7.7,7.71,7.44,7.66,6.85,14707100
29/01/2009,7.66,7.8,7.2,7.25,6.49,12601000
30/01/2009,7.22,7.45,6.97,7.03,6.29,13934500
02/02/2009,7.08,7.08,6.61,6.75,6.04,14062100
03/02/2009,6.91,6.91,6.57,6.82,6.1,13711800
04/02/2009,6.85,6.94,6.56,6.63,5.93,11858200
05/02/2009,6.61,7.01,6.49,6.89,6.16,17767900
06/02/2009,6.96,7.4,6.94,7.33,6.56,12699000
09/02/2009,7.38,7.38,7.01,7.18,6.42,12277600
10/02/2009,7.13,7.33,7.09,7.2,6.44,18463300
11/02/2009,7.22,7.35,7.04,7.2,6.44,14225800
12/02/2009,7.21,7.34,7.01,7.33,6.56,11737600
13/02/2009,7.33,7.48,7.19,7.29,6.52,9569200
17/02/2009,7.05,7.11,6.93,6.95,6.22,12702400
18/02/2009,7.02,7.05,6.6,6.69,5.99,13973500
19/02/2009,6.76,7.1,6.65,6.68,5.98,12580500
20/02/2009,6.47,6.65,6.1,6.52,5.83,12550200
23/02/2009,6.59,6.73,6.42,6.45,5.77,9420600
24/02/2009,6.51,6.61,6.35,6.57,5.88,9055200
25/02/2009,6.55,6.55,5.83,6.07,5.43,19449800
26/02/2009,6.2,6.25,6.0,6.12,5.48,11610200
27/02/2009,6.03,6.1,5.73,5.89,5.27,11046700
02/03/2009,5.75,5.78,5.41,5.52,4.94,12357800
03/03/2009,5.4,5.58,5.08,5.23,4.68,23128100
04/03/2009,5.31,5.35,5.12,5.22,4.67,16963300
05/03/2009,5.13,5.14,4.95,5.01,4.49,16517500
06/03/2009,5.0,5.25,5.0,5.13,4.59,13932100
09/03/2009,5.13,5.39,5.06,5.17,4.63,11106400
10/03/2009,5.29,5.49,5.17,5.46,4.89,17806200
11/03/2009,5.54,5.65,5.3,5.45,4.88,9667300
12/03/2009,5.45,5.62,5.25,5.59,5.0,10017300
13/03/2009,5.66,5.85,5.6,5.72,5.12,10378900
16/03/2009,6.01,6.02,5.48,5.52,4.94,9288300
17/03/2009,5.53,5.82,5.35,5.82,5.21,7383300
18/03/2009,5.82,6.12,5.65,5.88,5.26,11857100
19/03/2009,6.07,6.07,5.75,5.77,5.17,9672800
20/03/2009,5.79,5.88,5.57,5.6,5.01,7681800
23/03/2009,5.79,6.04,5.61,6.04,5.41,6859500
24/03/2009,5.98,6.05,5.78,5.92,5.3,7969600
25/03/2009,5.97,6.47,5.92,6.14,5.5,10265500
26/03/2009,6.31,6.58,6.17,6.45,5.77,8106200
27/03/2009,6.41,6.46,6.21,6.23,5.58,6365900
30/03/2009,6.07,6.2,6.01,6.17,5.52,9853600
31/03/2009,6.23,6.53,6.17,6.33,5.67,11128400
01/04/2009,6.27,6.45,6.02,6.43,5.76,8836000
02/04/2009,6.56,7.14,6.45,7.05,6.31,11432300
03/04/2009,7.05,7.16,6.7,6.86,6.14,9624800
06/04/2009,6.82,7.48,6.73,7.34,6.57,12171300
07/04/2009,7.28,7.28,6.71,6.75,6.04,10614600
08/04/2009,6.83,7.09,6.76,7.01,6.28,8959300
09/04/2009,7.18,7.38,7.09,7.38,6.61,9064300
13/04/2009,7.38,7.4,7.18,7.35,6.58,7244800
14/04/2009,7.35,7.55,7.2,7.27,6.51,10393700
15/04/2009,7.29,7.68,7.11,7.64,6.84,11175000
16/04/2009,7.45,7.45,6.58,7.1,6.36,24036300
17/04/2009,7.11,7.43,6.91,7.2,6.45,12306500
20/04/2009,7.12,7.15,6.86,7.01,6.28,8298500
21/04/2009,6.97,7.59,6.92,7.53,6.74,10529100
22/04/2009,7.49,7.75,7.35,7.47,6.69,11402700
23/04/2009,7.47,7.51,7.17,7.43,6.65,7136700
24/04/2009,7.49,7.74,7.45,7.59,6.8,7750400
27/04/2009,6.97,7.06,6.55,6.88,6.16,19875000
28/04/2009,6.88,7.41,6.65,6.95,6.22,16073900
29/04/2009,7.19,7.35,7.08,7.2,6.45,9166900
30/04/2009,7.3,7.34,6.96,6.98,6.25,11281200
01/05/2009,7.08,7.15,6.91,7.06,6.32,8811400
04/05/2009,7.18,7.38,7.06,7.38,6.61,8550400
05/05/2009,7.34,7.57,7.3,7.45,6.67,10210600
06/05/2009,7.55,7.7,7.3,7.52,6.73,6889800
07/05/2009,7.56,7.62,7.13,7.22,6.46,7769800
08/05/2009,7.39,7.39,7.12,7.36,6.59,11115600
11/05/2009,7.25,7.3,7.1,7.16,6.41,7069800
12/05/2009,7.18,7.26,7.0,7.13,6.38,6957600
13/05/2009,7.06,7.07,6.81,6.9,6.18,6446700
14/05/2009,6.91,7.16,6.8,6.95,6.22,8335600
15/05/2009,6.99,7.06,6.82,6.89,6.17,7463500
18/05/2009,6.94,7.13,6.9,7.12,6.37,5453100
19/05/2009,7.18,7.25,7.01,7.08,6.34,7676800
20/05/2009,7.14,7.25,6.91,6.93,6.2,7342000
21/05/2009,6.96,6.96,6.7,6.76,6.05,8985800
22/05/2009,6.78,6.82,6.62,6.7,6.0,5242600
26/05/2009,6.75,6.91,6.62,6.91,6.19,6432400
27/05/2009,6.91,6.94,6.6,6.6,5.91,7851300
28/05/2009,6.75,6.75,6.58,6.67,5.97,8166300
29/05/2009,6.7,6.74,6.58,6.74,6.03,7248300
01/06/2009,6.83,6.98,6.71,6.88,6.16,13342500
02/06/2009,6.9,7.22,6.88,7.04,6.3,12595600
03/06/2009,6.99,7.07,6.86,6.97,6.24,8178700
04/06/2009,7.0,7.01,6.81,6.86,6.14,8896100
05/06/2009,6.99,7.01,6.79,6.89,6.17,10326700
08/06/2009,6.91,6.91,6.75,6.82,6.11,5123500
09/06/2009,6.83,6.91,6.7,6.81,6.1,6825400
10/06/2009,6.81,6.85,6.57,6.65,5.96,7876900
11/06/2009,6.65,6.81,6.55,6.64,5.95,8881600
12/06/2009,6.63,6.73,6.53,6.61,5.92,8957900
15/06/2009,6.56,6.56,6.4,6.48,5.81,7932800
16/06/2009,6.5,6.62,6.4,6.43,5.76,5936900
17/06/2009,6.46,6.72,6.39,6.62,5.93,11485400
18/06/2009,6.68,6.7,6.48,6.64,5.95,8941100
19/06/2009,6.69,6.71,6.55,6.64,5.95,6944200
22/06/2009,6.55,6.58,6.35,6.36,5.7,5761200
23/06/2009,6.35,6.39,6.14,6.25,5.6,9709200
24/06/2009,6.31,6.4,6.22,6.31,5.65,8308100
25/06/2009,6.3,6.62,6.21,6.62,5.93,6661300
26/06/2009,6.6,6.69,6.42,6.56,5.88,9573900
29/06/2009,6.6,6.73,6.5,6.67,5.98,4164500
30/06/2009,6.67,6.74,6.47,6.73,6.03,8532200
01/07/2009,6.75,6.94,6.74,6.8,6.09,7274300
02/07/2009,6.55,6.59,6.4,6.5,5.82,11100300
06/07/2009,6.47,6.64,6.43,6.6,5.91,9311200
07/07/2009,6.59,6.6,6.43,6.48,5.81,7993200
08/07/2009,6.51,6.7,6.45,6.61,5.92,13076900
09/07/2009,6.64,6.69,6.46,6.5,5.82,8444900
10/07/2009,6.45,6.65,6.43,6.59,5.9,6601500
13/07/2009,6.62,6.81,6.55,6.8,6.09,8137600
14/07/2009,6.8,6.89,6.72,6.82,6.11,7493600
15/07/2009,6.9,7.09,6.78,7.07,6.33,5529400
16/07/2009,7.05,7.09,6.85,7.07,6.33,5539100
17/07/2009,7.03,7.09,6.92,7.02,6.29,4730500
20/07/2009,7.04,7.32,7.0,7.3,6.54,8421100
21/07/2009,7.35,7.35,6.61,6.87,6.16,18406000
22/07/2009,6.9,7.25,6.81,6.92,6.2,13702800
23/07/2009,6.91,7.13,6.77,7.13,6.39,8804700
24/07/2009,7.03,7.55,7.03,7.45,6.67,13481000
27/07/2009,7.47,7.5,7.26,7.42,6.65,7945600
28/07/2009,7.38,7.58,7.34,7.51,6.73,6254500
29/07/2009,7.44,7.71,7.41,7.67,6.87,7504800
30/07/2009,7.76,7.89,7.65,7.73,6.93,8408700
31/07/2009,7.74,7.89,7.67,7.85,7.03,7634400
03/08/2009,7.98,8.38,7.85,8.36,7.49,13909200
04/08/2009,8.34,8.75,8.3,8.72,7.81,12610600
05/08/2009,8.66,9.08,8.57,9.03,8.09,10690800
06/08/2009,9.04,9.19,8.77,9.15,8.2,10219500
07/08/2009,9.23,9.34,9.05,9.11,8.16,8933900
10/08/2009,9.09,9.12,8.83,8.87,7.95,7143200
11/08/2009,8.91,9.04,8.76,8.91,7.98,7569500
12/08/2009,8.92,9.14,8.87,9.01,8.07,6991600
13/08/2009,9.01,9.26,8.87,9.24,8.28,7821300
14/08/2009,9.1,9.11,8.82,9.08,8.14,14224600
17/08/2009,8.95,8.95,8.65,8.7,7.79,10842800
18/08/2009,8.74,8.89,8.69,8.82,7.9,13566700
19/08/2009,8.52,8.61,8.32,8.46,7.58,13166400
20/08/2009,8.45,8.56,8.42,8.49,7.61,8058700
21/08/2009,8.55,8.82,8.55,8.68,7.78,15447700
24/08/2009,8.77,8.88,8.46,8.47,7.59,12373500
25/08/2009,8.51,8.76,8.51,8.68,7.78,9842800
26/08/2009,8.67,8.78,8.55,8.6,7.71,7620000
27/08/2009,8.65,8.66,8.3,8.45,7.57,6805000
28/08/2009,8.48,8.61,8.42,8.51,7.62,6243200
31/08/2009,8.47,8.52,8.17,8.18,7.33,8388300
01/09/2009,8.18,8.33,7.91,8.02,7.19,10709600
02/09/2009,7.94,8.17,7.86,8.13,7.29,10651300
03/09/2009,8.18,8.43,8.05,8.41,7.54,9879700
04/09/2009,8.41,8.61,8.13,8.6,7.71,7310300
08/09/2009,8.69,8.74,8.5,8.65,7.75,5432600
09/09/2009,8.63,8.83,8.51,8.81,7.9,6323500
10/09/2009,8.78,9.25,8.76,9.25,8.29,7890200
11/09/2009,9.32,9.49,9.25,9.34,8.37,9815200
14/09/2009,9.14,9.54,9.05,9.54,8.55,5678800
15/09/2009,9.51,9.86,9.38,9.7,8.7,6414000
16/09/2009,9.85,10.2,9.66,9.88,8.86,11744400
17/09/2009,9.94,10.13,9.52,9.7,8.7,11891700
18/09/2009,9.85,9.86,9.55,9.68,8.68,9068800
21/09/2009,9.61,9.84,9.46,9.77,8.76,7445500
22/09/2009,9.84,9.92,9.48,9.5,8.52,7929500
23/09/2009,9.83,9.88,9.59,9.68,8.68,11431300
24/09/2009,9.71,9.78,9.48,9.49,8.51,10325700
25/09/2009,9.47,9.74,9.46,9.65,8.65,7545600
28/09/2009,9.73,9.86,9.65,9.78,8.77,7140400
29/09/2009,9.8,9.96,9.62,9.66,8.66,6116000
30/09/2009,9.66,9.73,9.44,9.6,8.61,7022200
01/10/2009,9.55,9.55,8.97,8.99,8.06,9370600
02/10/2009,8.81,9.3,8.79,9.2,8.25,8953000
05/10/2009,8.74,9.18,8.52,9.08,8.14,10858200
06/10/2009,9.11,9.29,9.0,9.16,8.21,7816200
07/10/2009,9.26,9.32,9.12,9.2,8.25,6881700
08/10/2009,9.3,9.73,9.24,9.72,8.71,11587300
09/10/2009,9.71,9.73,9.19,9.61,8.62,8113600
12/10/2009,9.63,9.72,9.5,9.54,8.55,6357600
13/10/2009,9.54,9.64,9.35,9.58,8.59,4800500
14/10/2009,9.69,10.1,9.62,10.04,9.0,12494700
15/10/2009,9.97,10.0,9.36,9.47,8.49,14950200
16/10/2009,9.42,9.47,9.17,9.25,8.29,11141100
19/10/2009,9.01,9.23,8.97,9.19,8.24,9716200
20/10/2009,9.32,9.32,9.13,9.26,8.3,6957100
21/10/2009,9.23,9.31,8.84,8.85,7.93,12319500
22/10/2009,8.93,9.09,8.74,8.95,8.02,9932200
23/10/2009,8.96,9.06,8.8,8.84,7.93,11230600
26/10/2009,8.9,9.08,8.75,8.8,7.89,9847500
27/10/2009,8.79,8.89,8.59,8.65,7.75,9042400
28/10/2009,8.71,8.71,8.47,8.49,7.61,11889300
29/10/2009,8.53,8.61,8.45,8.47,7.59,8357400
30/10/2009,8.44,8.57,8.29,8.4,7.53,12284400
02/11/2009,8.44,8.49,8.17,8.29,7.43,11270000
03/11/2009,8.19,8.43,8.1,8.28,7.42,7160500
04/11/2009,8.31,8.46,8.15,8.2,7.35,8316200
05/11/2009,8.26,8.45,8.24,8.36,7.49,8411800
06/11/2009,8.37,8.68,8.3,8.65,7.75,13938200
09/11/2009,8.78,9.08,8.7,9.06,8.12,9786100
10/11/2009,9.01,9.04,8.75,8.95,8.02,6552900
11/11/2009,8.98,9.5,8.98,9.43,8.45,15572500
12/11/2009,9.41,9.41,9.04,9.05,8.11,11938700
13/11/2009,9.07,9.4,9.07,9.16,8.21,9165500
16/11/2009,9.23,9.55,9.22,9.33,8.36,9393400
17/11/2009,9.32,9.34,9.16,9.16,8.21,6968500
18/11/2009,9.18,9.26,9.02,9.07,8.13,5797900
19/11/2009,9.02,9.04,8.81,8.91,7.99,4363000
20/11/2009,8.87,9.1,8.84,9.0,8.07,5549900
23/11/2009,9.1,9.22,9.1,9.14,8.19,6066100
24/11/2009,9.1,9.15,8.82,8.94,8.01,6342400
25/11/2009,9.02,9.18,8.91,9.1,8.16,5536300
27/11/2009,8.83,9.07,8.76,8.99,8.06,3684200
30/11/2009,9.1,9.26,8.9,9.2,8.25,11170500
01/12/2009,9.26,9.39,9.1,9.35,8.38,11216200
02/12/2009,9.37,9.5,9.25,9.41,8.44,10963700
03/12/2009,9.49,9.57,9.3,9.51,8.53,8600100
04/12/2009,9.61,10.27,9.61,10.23,9.17,33017900
07/12/2009,10.0,10.13,9.92,10.1,9.05,10669100
08/12/2009,10.14,10.31,9.96,10.1,9.06,9842100
09/12/2009,10.08,10.24,9.94,10.23,9.18,9447900
10/12/2009,10.25,10.4,10.2,10.22,9.17,8728100
11/12/2009,10.26,10.97,10.25,10.9,9.78,14455500
14/12/2009,11.01,11.05,10.63,10.91,9.79,11143000
15/12/2009,10.81,10.96,10.68,10.75,9.64,8522700
16/12/2009,10.76,11.25,10.76,11.2,10.05,9920200
17/12/2009,11.08,11.39,11.05,11.29,10.13,15478700
18/12/2009,11.29,11.33,10.99,11.24,10.08,11156800
21/12/2009,11.23,11.39,11.19,11.31,10.14,8626600
22/12/2009,11.33,11.78,11.33,11.45,10.27,9119800
23/12/2009,11.49,11.66,11.32,11.61,10.41,6170700
24/12/2009,11.62,11.71,11.42,11.55,10.36,2324600
28/12/2009,11.33,11.6,11.28,11.45,10.27,4789100
29/12/2009,11.5,11.51,11.33,11.43,10.25,4369600
30/12/2009,11.39,11.4,11.26,11.38,10.21,4210500
31/12/2009,11.38,11.53,11.3,11.43,10.25,5805400
04/01/2010,11.4,11.46,11.09,11.18,10.03,9625000
05/01/2010,11.25,11.79,11.2,11.77,10.56,13355100
06/01/2010,11.76,11.79,11.38,11.42,10.24,10523900
07/01/2010,11.39,11.74,11.27,11.59,10.4,10055100
08/01/2010,11.54,11.64,11.23,11.33,10.16,7894500
11/01/2010,11.35,11.57,11.23,11.46,10.28,5987200
12/01/2010,11.37,11.58,11.26,11.33,10.16,6162800
13/01/2010,11.32,11.65,11.26,11.53,10.34,5798800
14/01/2010,11.5,11.59,11.37,11.46,10.28,4768700
15/01/2010,11.49,11.54,11.2,11.28,10.12,6296700
19/01/2010,11.26,11.5,11.21,11.3,10.14,6703200
20/01/2010,11.24,11.38,10.91,11.33,10.16,12862100
21/01/2010,11.51,11.76,11.12,11.68,10.48,23729200
22/01/2010,11.78,11.97,11.53,11.68,10.48,14307800
25/01/2010,11.63,11.94,11.15,11.32,10.15,15228900
26/01/2010,11.18,11.95,11.1,11.61,10.41,12293100
27/01/2010,11.6,11.6,10.98,11.39,10.22,14414100
28/01/2010,11.46,11.74,11.36,11.45,10.27,12265800
29/01/2010,11.49,11.75,11.3,11.33,10.16,10968500
01/02/2010,11.37,11.64,11.31,11.57,10.38,7690200
02/02/2010,11.62,11.74,11.46,11.55,10.36,11319700
03/02/2010,11.51,11.63,11.39,11.47,10.29,8359700
04/02/2010,11.38,11.53,11.03,11.03,9.89,12613300
05/02/2010,11.04,11.34,11.02,11.29,10.13,12133600
08/02/2010,11.31,11.39,11.1,11.25,10.09,7988800
09/02/2010,11.35,11.85,11.35,11.65,10.45,13597100
10/02/2010,11.61,11.77,11.37,11.54,10.35,11550400
11/02/2010,11.51,12.0,11.51,11.88,10.66,14928300
12/02/2010,11.89,12.04,11.81,12.04,10.8,13841000
16/02/2010,12.1,12.45,12.02,12.45,11.17,10677900
17/02/2010,12.45,12.45,12.07,12.29,11.02,8076000
18/02/2010,12.3,12.49,12.29,12.44,11.16,9945300
19/02/2010,12.38,12.69,12.34,12.43,11.15,11230200
22/02/2010,12.45,12.73,12.45,12.5,11.21,10156200
23/02/2010,12.51,12.61,12.34,12.4,11.12,11993800
24/02/2010,12.42,12.62,12.34,12.44,11.16,11230000
25/02/2010,12.37,12.5,12.2,12.43,11.15,6476800
26/02/2010,12.4,12.7,12.4,12.58,11.28,7985500
01/03/2010,12.59,12.89,12.59,12.71,11.4,10934300
02/03/2010,12.81,12.85,12.62,12.63,11.33,8712700
03/03/2010,12.66,12.74,12.55,12.55,11.26,9701900
04/03/2010,12.6,12.69,12.54,12.6,11.31,9861300
05/03/2010,12.61,12.75,12.55,12.68,11.38,10028900
08/03/2010,12.68,12.84,12.5,12.55,11.26,9748300
09/03/2010,12.6,12.85,12.55,12.68,11.38,12231800
10/03/2010,12.7,13.08,12.66,12.82,11.5,11039700
11/03/2010,12.75,12.94,12.66,12.84,11.52,8684200
12/03/2010,12.88,13.06,12.76,13.0,11.67,9520500
15/03/2010,12.99,13.08,12.77,13.0,11.67,10012400
16/03/2010,13.01,13.34,13.01,13.18,11.83,9229900
17/03/2010,13.18,13.25,12.96,13.03,11.69,7235200
18/03/2010,13.02,13.28,13.02,13.06,11.72,7053800
19/03/2010,12.81,13.21,12.73,12.81,11.49,10408300
22/03/2010,12.75,13.06,12.71,12.93,11.6,7060300
23/03/2010,12.96,13.08,12.8,13.03,11.69,6042500
24/03/2010,13.03,13.1,12.84,13.0,11.67,5795900
25/03/2010,13.05,13.3,13.03,13.07,11.73,6766100
26/03/2010,13.08,13.22,12.84,13.05,11.71,9135200
29/03/2010,13.11,13.26,13.09,13.18,11.83,7169500
30/03/2010,13.22,13.26,12.92,13.09,11.75,5799800
31/03/2010,13.06,13.42,13.06,13.22,11.86,8113800
01/04/2010,13.37,13.43,13.1,13.21,11.85,7826300
05/04/2010,13.28,13.37,13.08,13.16,11.81,7981900
06/04/2010,13.11,13.45,13.1,13.45,12.07,9833100
07/04/2010,13.41,13.47,13.18,13.3,11.93,14908500
08/04/2010,13.43,13.55,13.37,13.4,12.02,10384500
09/04/2010,13.44,13.44,13.21,13.3,11.93,10548100
12/04/2010,13.34,13.48,13.26,13.35,11.98,8588000
13/04/2010,13.38,13.43,13.14,13.34,11.97,6900100
14/04/2010,13.32,13.58,13.3,13.5,12.11,7695800
15/04/2010,13.43,13.56,13.36,13.54,12.15,9572700
16/04/2010,13.5,13.53,13.21,13.38,12.01,9006800
19/04/2010,13.58,13.95,13.5,13.75,12.34,15923800
20/04/2010,13.82,13.95,13.5,13.74,12.33,10432400
21/04/2010,13.82,13.82,13.4,13.58,12.19,10535500
22/04/2010,13.56,13.68,13.22,13.44,12.06,11900800
23/04/2010,13.48,13.97,13.45,13.96,12.53,9828200
26/04/2010,13.89,13.97,13.53,13.57,12.18,14974500
27/04/2010,13.6,13.61,13.14,13.18,11.83,13680900
28/04/2010,13.28,13.38,13.12,13.23,11.87,10956400
29/04/2010,13.35,13.59,13.32,13.42,12.04,10696200
30/04/2010,13.45,13.49,13.17,13.18,11.83,9388600
03/05/2010,13.32,13.45,13.2,13.4,12.02,12614000
04/05/2010,13.27,13.31,12.87,13.01,11.67,10092900
05/05/2010,12.97,13.4,12.81,13.03,11.69,15068800
06/05/2010,13.23,13.23,11.9,12.58,11.29,15622000
07/05/2010,12.57,12.98,12.3,12.39,11.12,16301500
10/05/2010,12.83,12.97,12.75,12.96,11.63,8185400
11/05/2010,12.82,12.92,12.57,12.86,11.54,9920400
12/05/2010,12.88,13.18,12.86,13.14,11.79,9007000
13/05/2010,13.13,13.35,12.86,12.89,11.57,8129200
14/05/2010,12.88,12.94,12.63,12.78,11.47,8655300
17/05/2010,12.81,12.98,12.59,12.89,11.57,8054200
18/05/2010,12.97,13.03,12.61,12.64,11.34,8656600
19/05/2010,12.58,12.62,12.14,12.28,11.02,13401800
20/05/2010,12.04,12.1,11.67,11.67,10.47,11533400
21/05/2010,11.5,11.96,11.36,11.91,10.69,10371800
24/05/2010,11.87,12.04,11.81,11.85,10.63,6802100
25/05/2010,11.54,12.16,11.45,12.16,10.91,14016400
26/05/2010,12.19,12.55,12.11,12.3,11.04,13468100
27/05/2010,12.56,12.64,12.39,12.64,11.34,6323300
28/05/2010,12.64,12.64,12.31,12.44,11.16,8796100
01/06/2010,12.3,12.47,12.19,12.2,10.95,8680400
02/06/2010,12.4,12.62,12.34,12.62,11.32,7003800
03/06/2010,12.7,12.77,12.41,12.61,11.32,8917700
04/06/2010,12.34,12.38,11.98,12.02,10.79,8929200
07/06/2010,12.03,12.03,11.61,11.66,10.47,10398000
08/06/2010,11.74,11.92,11.59,11.89,10.67,8015000
09/06/2010,11.93,12.21,11.78,11.84,10.63,9334800
10/06/2010,12.07,12.19,11.97,12.05,10.82,8294000
11/06/2010,11.91,12.12,11.84,12.07,10.84,7337100
14/06/2010,12.25,12.39,12.01,12.04,10.81,7904000
15/06/2010,12.11,12.36,12.08,12.35,11.09,9283700
16/06/2010,12.27,12.34,12.03,12.09,10.85,5783000
17/06/2010,12.1,12.38,11.97,12.37,11.1,9015800
18/06/2010,12.36,12.4,12.13,12.26,11.01,7188100
21/06/2010,12.37,12.45,12.11,12.2,10.95,6845600
22/06/2010,12.19,12.32,11.85,11.87,10.66,6035200
23/06/2010,11.87,11.98,11.65,11.84,10.63,5360100
24/06/2010,11.79,11.95,11.65,11.68,10.48,6276900
25/06/2010,11.7,11.74,11.48,11.64,10.45,7782600
28/06/2010,11.58,11.75,11.51,11.61,10.42,6263900
29/06/2010,11.47,11.47,11.06,11.11,9.97,7296800
30/06/2010,11.11,11.33,11.06,11.11,9.97,7743800
01/07/2010,11.05,11.33,10.71,10.99,9.87,8917700
02/07/2010,11.03,11.05,10.59,10.75,9.65,5719600
06/07/2010,11.01,11.01,10.55,10.63,9.54,8779200
07/07/2010,10.58,11.3,10.42,11.29,10.13,9879100
08/07/2010,11.32,11.52,11.32,11.43,10.26,8956400
09/07/2010,11.42,11.7,11.42,11.59,10.4,6138700
12/07/2010,11.5,11.92,11.5,11.86,10.65,9074300
13/07/2010,12.0,12.16,11.93,12.1,10.86,7928000
14/07/2010,12.0,12.23,11.79,12.06,10.83,7487200
15/07/2010,12.02,12.03,11.78,12.03,10.8,7701100
16/07/2010,11.92,12.01,11.73,11.76,10.56,6927300
19/07/2010,11.8,11.8,11.2,11.5,10.32,11930700
20/07/2010,11.33,11.48,11.22,11.47,10.3,9922500
21/07/2010,11.57,11.65,11.3,11.37,10.21,6480200
22/07/2010,11.56,11.82,11.51,11.69,10.49,6251500
23/07/2010,11.68,11.89,11.59,11.82,10.61,7791900
26/07/2010,11.92,12.11,11.79,12.07,10.84,9002000
27/07/2010,12.14,12.2,11.94,12.0,10.77,6161200
28/07/2010,12.0,12.14,11.91,12.01,10.78,4587300
29/07/2010,12.35,12.39,11.82,12.01,10.78,5862900
30/07/2010,11.79,12.12,11.72,12.05,10.82,4833600
02/08/2010,12.14,12.32,12.06,12.31,11.05,4916500
03/08/2010,12.25,12.28,11.97,12.07,10.84,5026200
04/08/2010,12.12,12.28,12.05,12.15,10.91,5607900
05/08/2010,12.05,12.25,12.0,12.06,10.83,3050400
06/08/2010,11.93,12.11,11.8,11.95,10.73,4141900
09/08/2010,11.98,12.15,11.95,12.14,10.9,4438700
10/08/2010,12.0,12.04,11.68,11.9,10.68,6103600
11/08/2010,11.7,11.7,11.42,11.43,10.26,4565500
12/08/2010,11.21,11.6,11.12,11.43,10.26,5090000
13/08/2010,11.38,11.49,11.29,11.4,10.23,2976900
16/08/2010,11.32,11.46,11.23,11.34,10.18,3330300
17/08/2010,11.46,11.57,11.38,11.5,10.32,2548300
18/08/2010,11.49,11.63,11.4,11.54,10.36,3981100
19/08/2010,11.46,11.55,11.06,11.2,10.05,6323800
20/08/2010,11.1,11.28,11.02,11.27,10.12,4780800
23/08/2010,11.3,11.46,11.04,11.05,9.92,4878500
24/08/2010,10.9,11.13,10.78,11.01,9.89,6790600
25/08/2010,10.9,11.01,10.78,10.94,9.83,7676100
26/08/2010,10.97,11.11,10.76,10.82,9.72,6700100
27/08/2010,10.88,11.15,10.77,11.13,10.0,5395300
30/08/2010,11.12,11.24,10.88,10.99,9.87,5557100
31/08/2010,10.97,11.17,10.87,11.05,9.92,5100900
01/09/2010,11.2,11.54,11.17,11.5,10.33,6164000
02/09/2010,11.54,11.65,11.35,11.53,10.35,5153000
03/09/2010,11.66,11.7,11.48,11.57,10.39,3955200
07/09/2010,11.49,11.52,11.3,11.44,10.27,3654500
08/09/2010,11.44,11.68,11.39,11.51,10.34,3855000
09/09/2010,11.63,11.64,11.44,11.48,10.31,3626000
10/09/2010,11.52,11.59,11.42,11.52,10.35,2812900
13/09/2010,11.65,11.68,11.35,11.48,10.31,4598200
14/09/2010,11.41,11.62,11.29,11.5,10.33,5042000
15/09/2010,11.44,11.85,11.44,11.8,10.6,6740500
16/09/2010,11.75,11.96,11.67,11.95,10.73,5741800
17/09/2010,11.97,12.02,11.77,11.83,10.62,4070600
20/09/2010,11.87,12.19,11.87,12.17,10.93,4508900
21/09/2010,12.18,12.28,11.97,12.16,10.92,5660700
22/09/2010,12.12,12.2,12.03,12.08,10.85,5396900
23/09/2010,12.0,12.13,11.82,11.87,10.66,4304200
24/09/2010,12.03,12.32,11.98,12.28,11.03,4590500
27/09/2010,12.33,14.16,12.32,13.35,11.99,36283400
28/09/2010,13.51,13.57,13.04,13.24,11.89,14835200
29/09/2010,13.21,13.27,13.07,13.19,11.85,7323100
30/09/2010,13.23,13.5,13.0,13.07,11.74,9007300
01/10/2010,13.23,13.24,12.92,12.94,11.62,5722500
04/10/2010,12.92,13.09,12.62,12.82,11.51,6537700
05/10/2010,12.97,13.16,12.94,13.02,11.69,8060000
06/10/2010,12.96,13.1,12.72,12.94,11.62,7457000
07/10/2010,12.98,13.03,12.85,12.88,11.57,3413900
08/10/2010,12.92,13.08,12.88,13.04,11.71,4427000
11/10/2010,13.02,13.07,12.79,12.86,11.55,4010500
12/10/2010,12.79,13.05,12.77,12.99,11.67,5375000
13/10/2010,13.04,13.07,12.92,12.97,11.65,5574400
14/10/2010,12.97,13.02,12.76,12.86,11.55,3538400
15/10/2010,12.98,13.05,12.82,12.95,11.63,4368800
18/10/2010,13.03,13.06,12.88,13.02,11.69,3302300
19/10/2010,12.88,12.93,12.59,12.69,11.4,6427900
20/10/2010,12.9,13.26,12.84,13.16,11.82,8486300
21/10/2010,13.54,13.83,13.39,13.62,12.23,15914500
22/10/2010,13.67,13.68,13.3,13.47,12.1,6259600
25/10/2010,13.45,13.58,13.45,13.54,12.16,5981100
26/10/2010,13.51,13.6,13.43,13.57,12.19,4767500
27/10/2010,13.45,13.77,13.41,13.76,12.36,6587000
28/10/2010,13.9,13.95,13.56,13.76,12.36,3956600
29/10/2010,13.75,13.82,13.61,13.76,12.36,3840800
01/11/2010,13.86,14.0,13.76,13.87,12.46,5446100
02/11/2010,13.96,14.11,13.84,14.08,12.65,5864000
03/11/2010,14.11,14.2,13.82,14.11,12.67,6327500
04/11/2010,14.17,14.31,14.08,14.24,12.79,5599500
05/11/2010,14.24,14.32,14.11,14.19,12.74,3496000
08/11/2010,14.29,14.29,14.08,14.26,12.81,4531500
09/11/2010,14.26,14.29,13.85,13.93,12.51,5211700
10/11/2010,13.94,13.99,13.58,13.69,12.29,7314800
11/11/2010,13.59,13.75,13.56,13.69,12.29,4524200
12/11/2010,13.63,13.7,13.48,13.56,12.18,3423600
15/11/2010,13.63,13.7,13.51,13.51,12.13,4334200
16/11/2010,13.41,13.51,13.21,13.3,11.94,4669500
17/11/2010,13.34,13.42,13.19,13.31,11.95,4744200
18/11/2010,13.47,13.69,13.42,13.56,12.18,3785400
19/11/2010,13.53,13.6,13.45,13.57,12.19,3188400
22/11/2010,13.57,13.67,13.46,13.64,12.25,3723600
23/11/2010,13.48,13.5,13.31,13.42,12.05,3506100
24/11/2010,13.48,13.77,13.48,13.75,12.35,4052400
26/11/2010,13.64,13.68,13.46,13.53,12.15,2616300
29/11/2010,13.42,13.63,13.34,13.55,12.17,3847200
30/11/2010,13.41,13.55,13.31,13.32,11.96,5383300
01/12/2010,13.48,13.61,13.39,13.42,12.05,6421800
02/12/2010,13.4,13.54,13.16,13.28,11.93,6494600
03/12/2010,13.19,13.27,13.12,13.2,11.85,5318000
06/12/2010,13.16,13.2,12.98,13.01,11.68,5997000
07/12/2010,13.11,13.2,12.9,12.95,11.63,7382600
08/12/2010,12.96,12.98,12.6,12.82,11.52,9043000
09/12/2010,12.83,12.95,12.72,12.85,11.54,6067700
10/12/2010,12.87,12.93,12.8,12.9,11.59,3110500
13/12/2010,12.95,12.99,12.71,12.84,11.54,7455600
14/12/2010,12.87,12.98,12.81,12.88,11.57,6679900
15/12/2010,12.85,12.91,12.59,12.6,11.32,9808000
16/12/2010,12.6,12.66,12.31,12.64,11.36,9031000
17/12/2010,12.9,12.99,12.64,12.93,11.62,9550600
20/12/2010,12.81,12.99,12.73,12.94,11.63,4899800
21/12/2010,12.96,13.17,12.95,13.1,11.77,5004100
22/12/2010,13.09,13.14,13.02,13.09,11.76,3143600
23/12/2010,13.07,13.1,12.91,12.94,11.63,2859300
27/12/2010,12.92,13.02,12.91,12.99,11.67,2405000
28/12/2010,12.99,13.11,12.96,13.08,11.75,2938900
29/12/2010,13.1,13.19,13.02,13.06,11.73,2389800
30/12/2010,13.04,13.13,12.96,12.97,11.65,1885200
31/12/2010,12.95,13.0,12.83,12.98,11.66,3003800
03/01/2011,13.03,13.29,13.02,13.24,11.9,4861000
04/01/2011,13.24,13.33,13.14,13.32,11.97,4863300
05/01/2011,13.25,13.59,13.2,13.31,11.96,6749400
06/01/2011,13.32,13.36,13.14,13.16,11.82,6382600
07/01/2011,13.22,13.37,13.17,13.29,11.94,4803100
10/01/2011,13.25,13.31,13.12,13.3,11.95,4863900
11/01/2011,13.33,13.33,13.06,13.07,11.74,3848800
12/01/2011,13.13,13.25,13.09,13.16,11.82,3769200
13/01/2011,13.16,13.17,13.03,13.09,11.76,3753600
14/01/2011,13.07,13.26,13.02,13.24,11.9,4381400
18/01/2011,13.15,13.25,13.06,13.08,11.75,5068200
19/01/2011,13.04,13.15,12.8,12.83,11.53,6065700
20/01/2011,13.07,13.18,12.72,12.79,11.49,8731600
21/01/2011,12.85,12.92,12.56,12.57,11.29,8871700
24/01/2011,12.54,12.77,12.48,12.76,11.46,7978200
25/01/2011,12.75,12.76,12.4,12.5,11.23,7320400
26/01/2011,12.59,12.76,12.46,12.46,11.19,11521800
27/01/2011,12.45,12.56,12.4,12.49,11.22,5867500
28/01/2011,12.55,12.55,11.92,11.93,10.72,10909800
31/01/2011,11.99,12.14,11.81,11.85,10.65,9270900
01/02/2011,11.94,12.03,11.8,11.85,10.65,8076700
02/02/2011,11.83,11.83,11.53,11.57,10.39,14803400
03/02/2011,11.44,11.72,11.41,11.68,10.49,10946700
04/02/2011,11.64,11.75,11.61,11.72,10.53,7683900
07/02/2011,11.84,12.09,11.73,12.02,10.8,11304900
08/02/2011,12.0,12.19,12.0,12.18,10.94,11087200
09/02/2011,12.12,12.28,12.07,12.27,11.02,11534500
10/02/2011,12.21,12.35,12.12,12.31,11.06,9699000
11/02/2011,12.24,12.51,12.23,12.39,11.13,6763000
14/02/2011,12.42,12.46,12.18,12.19,10.95,6202300
15/02/2011,12.18,12.46,12.11,12.37,11.11,6139300
16/02/2011,12.39,12.49,12.27,12.38,11.12,4586800
17/02/2011,12.35,12.52,12.3,12.5,11.23,5545100
18/02/2011,12.58,12.58,12.4,12.57,11.29,5688200
22/02/2011,12.41,12.44,11.84,11.88,10.67,13782300
23/02/2011,11.9,11.98,11.48,11.69,10.5,12485700
24/02/2011,11.7,11.96,11.55,11.76,10.57,10791000
25/02/2011,11.83,11.93,11.65,11.79,10.59,7791300
28/02/2011,11.85,11.92,11.75,11.83,10.63,5626500
01/03/2011,11.89,11.89,11.65,11.71,10.53,11494700
02/03/2011,11.7,11.81,11.54,11.57,10.4,8665900
03/03/2011,11.73,11.97,11.64,11.78,10.59,8397900
04/03/2011,11.78,11.81,11.55,11.8,10.61,11076800
07/03/2011,11.83,11.88,11.69,11.77,10.58,8125500
08/03/2011,11.8,12.68,11.8,12.66,11.38,18781100
09/03/2011,12.56,12.56,12.14,12.31,11.06,12363600
10/03/2011,12.24,12.65,12.15,12.5,11.24,11968100
11/03/2011,12.71,12.81,12.53,12.72,11.43,8766400
14/03/2011,12.65,12.65,12.39,12.4,11.15,8468000
15/03/2011,12.16,12.54,12.01,12.38,11.13,9463900
16/03/2011,12.33,12.36,11.96,12.02,10.8,8957500
17/03/2011,12.19,12.25,11.81,11.85,10.65,6904500
18/03/2011,12.0,12.28,11.99,12.2,10.97,9764300
21/03/2011,12.32,12.36,12.16,12.28,11.04,6604000
22/03/2011,12.28,12.42,12.23,12.32,11.07,6980400
23/03/2011,12.25,12.5,12.1,12.42,11.16,6635100
24/03/2011,12.48,12.61,12.42,12.54,11.27,6364600
25/03/2011,12.58,12.88,12.55,12.68,11.4,5818600
28/03/2011,12.7,12.81,12.57,12.58,11.31,3335700
29/03/2011,12.55,12.7,12.51,12.51,11.24,4234200
30/03/2011,12.59,12.85,12.56,12.81,11.51,5243600
31/03/2011,12.57,12.73,12.48,12.63,11.35,5918500
01/04/2011,12.74,12.87,12.61,12.67,11.39,4956000
04/04/2011,12.22,12.47,12.16,12.46,11.2,12908200
05/04/2011,12.41,12.49,12.14,12.2,10.97,11443000
06/04/2011,12.25,12.3,12.04,12.15,10.92,7819700
07/04/2011,12.2,12.2,11.8,11.8,10.61,11217800
08/04/2011,11.93,11.93,11.6,11.68,10.5,11770300
11/04/2011,11.75,11.82,11.61,11.78,10.59,8289200
12/04/2011,11.71,11.98,11.71,11.84,10.64,9100500
13/04/2011,11.89,11.9,11.69,11.75,10.56,6011200
14/04/2011,11.73,11.76,11.57,11.6,10.43,9511700
15/04/2011,11.67,11.7,11.56,11.63,10.45,7277900
18/04/2011,11.51,11.66,11.5,11.55,10.38,5127900
19/04/2011,11.6,11.65,11.5,11.57,10.4,7257600
20/04/2011,11.69,11.8,11.56,11.63,10.45,6714700
21/04/2011,11.54,11.63,11.31,11.31,10.17,15205100
25/04/2011,11.3,11.66,11.3,11.51,10.35,13673700
26/04/2011,11.58,11.82,11.57,11.68,10.5,11800000
27/04/2011,11.7,11.82,11.61,11.77,10.58,10042800
28/04/2011,11.75,11.85,11.65,11.81,10.61,6776600
29/04/2011,11.79,11.94,11.65,11.75,10.56,12518100
02/05/2011,11.89,11.97,11.59,11.61,10.44,22725100
03/05/2011,11.52,11.61,11.37,11.54,10.37,23047200
04/05/2011,11.5,11.66,11.49,11.64,10.46,9959700
05/05/2011,11.65,11.94,11.62,11.91,10.7,16859900
06/05/2011,11.95,12.16,11.78,12.11,10.88,15921500
09/05/2011,12.14,12.19,11.96,12.0,10.79,7632500
10/05/2011,12.06,12.25,12.06,12.1,10.88,9985300
11/05/2011,12.09,12.18,11.97,12.14,10.91,8021400
12/05/2011,12.16,12.2,12.06,12.14,10.91,7550200
13/05/2011,12.12,12.14,11.96,12.07,10.85,8541700
16/05/2011,12.05,12.25,12.04,12.14,10.91,12799800
17/05/2011,12.15,12.3,12.1,12.22,10.98,9187500
18/05/2011,12.2,12.3,12.1,12.27,11.03,10001800
19/05/2011,12.29,12.44,12.24,12.4,11.15,11206800
20/05/2011,12.39,12.4,12.26,12.27,11.03,7358000
23/05/2011,12.15,12.28,12.11,12.14,10.91,5490700
24/05/2011,12.17,12.18,11.94,11.97,10.76,5957000
25/05/2011,11.95,12.04,11.78,11.84,10.64,9101800
26/05/2011,11.79,11.9,11.72,11.79,10.6,7639400
27/05/2011,11.85,11.92,11.78,11.83,10.63,6253200
31/05/2011,11.92,11.93,11.76,11.83,10.63,6662000
01/06/2011,11.81,11.92,11.53,11.59,10.42,8927400
02/06/2011,11.61,11.71,11.54,11.57,10.4,6954300
03/06/2011,11.51,11.66,11.43,11.56,10.39,8744700
06/06/2011,11.5,11.58,11.2,11.23,10.1,10633400
07/06/2011,11.36,11.42,11.27,11.34,10.2,8037600
08/06/2011,11.3,11.44,11.05,11.08,9.96,8570000
09/06/2011,11.08,11.15,10.97,11.05,9.94,12534900
10/06/2011,11.04,11.1,10.88,10.93,9.83,7460800
13/06/2011,10.98,11.16,10.89,10.93,9.83,8584900
14/06/2011,11.04,11.18,11.02,11.09,9.97,5141600
15/06/2011,11.01,11.03,10.68,10.77,9.68,13328900
16/06/2011,10.81,10.92,10.68,10.77,9.68,9247200
17/06/2011,10.85,11.02,10.85,10.94,9.84,13043200
20/06/2011,10.95,11.2,10.91,11.04,9.93,6692500
21/06/2011,11.09,11.18,11.01,11.16,10.04,4544100
22/06/2011,11.13,11.21,11.02,11.02,9.91,4981200
23/06/2011,10.94,11.47,10.94,11.41,10.26,13076700
24/06/2011,11.3,11.4,11.04,11.36,10.21,10373800
27/06/2011,11.34,11.46,11.27,11.39,10.24,6794000
28/06/2011,11.41,11.43,11.25,11.43,10.28,8928900
29/06/2011,11.45,11.53,11.34,11.39,10.24,6251700
30/06/2011,11.44,11.6,11.38,11.42,10.27,7753300
01/07/2011,11.44,11.65,11.41,11.64,10.47,6053300
05/07/2011,11.59,11.6,11.37,11.39,10.24,4856000
06/07/2011,11.41,11.55,11.32,11.45,10.3,6333600
07/07/2011,11.53,11.61,11.41,11.61,10.44,6707200
08/07/2011,11.47,11.52,11.32,11.38,10.23,5875700
11/07/2011,11.28,11.28,11.01,11.04,9.93,5407300
12/07/2011,11.0,11.04,10.89,10.91,9.81,7233200
13/07/2011,10.98,11.07,10.84,10.88,9.78,6248800
14/07/2011,10.92,10.95,10.72,10.75,9.67,7983400
15/07/2011,10.8,10.83,10.63,10.72,9.64,7634100
18/07/2011,10.65,10.71,10.4,10.46,9.41,9595000
19/07/2011,10.51,10.62,10.39,10.58,9.51,9456300
20/07/2011,10.62,10.68,10.49,10.49,9.43,4549200
21/07/2011,10.57,10.61,10.39,10.47,9.41,6946700
22/07/2011,10.46,10.55,10.33,10.42,9.37,4779800
25/07/2011,10.38,10.4,10.21,10.24,9.21,6291600
26/07/2011,10.26,10.37,10.11,10.12,9.1,7167900
27/07/2011,10.11,10.15,9.92,9.94,8.94,10097100
28/07/2011,9.96,10.08,9.79,9.79,8.8,9009100
29/07/2011,9.7,10.02,9.61,9.96,8.96,9186100
01/08/2011,10.06,10.17,9.69,9.72,8.74,11854800
02/08/2011,9.65,9.73,9.36,9.39,8.44,10348400
03/08/2011,9.4,9.65,9.21,9.65,8.68,13349200
04/08/2011,9.54,9.54,8.83,8.84,7.95,22589300
05/08/2011,8.96,9.13,8.09,8.47,7.62,29800200
08/08/2011,8.3,8.4,8.07,8.08,7.27,26705100
09/08/2011,8.28,8.45,8.01,8.44,7.59,26808800
10/08/2011,8.38,8.38,8.15,8.17,7.35,27289500
11/08/2011,8.23,8.38,8.1,8.29,7.45,20933300
12/08/2011,8.35,8.51,8.24,8.31,7.47,13323600
15/08/2011,8.39,8.62,8.33,8.5,7.64,11774900
16/08/2011,8.46,8.7,8.35,8.53,7.67,13278800
17/08/2011,8.55,8.66,8.4,8.47,7.62,7620000
18/08/2011,8.24,8.32,7.92,8.04,7.23,12772400
19/08/2011,7.97,8.28,7.88,7.89,7.09,12305300
22/08/2011,8.08,8.2,7.84,7.85,7.06,9603700
23/08/2011,7.89,8.02,7.81,8.01,7.21,8698000
24/08/2011,8.0,8.22,7.96,8.21,7.39,6543600
25/08/2011,8.24,8.31,8.05,8.12,7.31,8308700
26/08/2011,8.07,8.27,7.99,8.2,7.38,9249500
29/08/2011,8.32,8.7,8.26,8.68,7.81,9838400
30/08/2011,8.64,8.67,8.43,8.54,7.68,8779400
31/08/2011,8.61,8.83,8.59,8.62,7.76,7281200
01/09/2011,8.6,8.73,8.38,8.43,7.59,6839200
02/09/2011,8.25,8.38,8.2,8.25,7.42,5409600
06/09/2011,8.16,8.26,8.01,8.06,7.25,8803800
07/09/2011,8.22,8.44,8.17,8.35,7.51,8758400
08/09/2011,8.29,8.34,8.1,8.13,7.32,7961100
09/09/2011,8.09,8.3,8.01,8.06,7.25,10200200
12/09/2011,8.02,8.02,7.79,7.96,7.16,10296700
13/09/2011,7.99,8.43,7.9,8.31,7.48,13526500
14/09/2011,8.4,8.62,8.12,8.5,7.65,14732400
15/09/2011,8.58,8.65,8.48,8.6,7.74,6028600
16/09/2011,8.63,8.98,8.62,8.97,8.07,18645800
19/09/2011,8.79,8.85,8.52,8.67,7.8,11196200
20/09/2011,8.69,8.83,8.48,8.49,7.64,12481300
21/09/2011,8.49,8.59,8.25,8.3,7.47,10364000
22/09/2011,8.07,8.22,7.95,8.03,7.23,18753800
23/09/2011,8.04,8.4,7.99,8.38,7.54,13980200
26/09/2011,8.47,8.73,8.45,8.71,7.84,12031700
27/09/2011,8.89,8.93,8.47,8.53,7.68,10463800
28/09/2011,8.51,8.7,8.48,8.53,7.68,14076900
29/09/2011,8.69,8.72,8.48,8.63,7.77,10279400
30/09/2011,8.49,8.56,8.04,8.04,7.23,10393200
03/10/2011,8.02,8.02,7.35,7.35,6.61,17402500
04/10/2011,7.37,7.55,7.15,7.5,6.75,15800000
05/10/2011,7.55,7.61,7.32,7.57,6.81,10169600
06/10/2011,7.61,7.89,7.48,7.86,7.07,9091400
07/10/2011,7.97,7.98,7.55,7.69,6.92,11219600
10/10/2011,7.76,7.97,7.69,7.97,7.17,8135500
11/10/2011,7.9,8.2,7.85,8.15,7.33,10567000
12/10/2011,8.19,8.39,8.18,8.33,7.5,10741200
13/10/2011,8.25,8.63,8.18,8.61,7.75,9857600
14/10/2011,8.69,8.69,8.48,8.61,7.75,5971900
17/10/2011,8.68,8.72,8.53,8.61,7.75,9473200
18/10/2011,8.52,8.91,8.36,8.82,7.94,8170400
19/10/2011,8.83,8.89,8.68,8.71,7.84,8444000
20/10/2011,8.71,9.28,8.71,9.1,8.19,12784500
21/10/2011,9.23,9.23,8.67,8.87,7.98,13583800
24/10/2011,8.83,9.18,8.83,9.06,8.15,6171500
25/10/2011,8.98,9.0,8.6,8.72,7.85,9089800
26/10/2011,8.8,8.84,8.45,8.63,7.77,8835400
27/10/2011,8.89,8.97,8.74,8.85,7.96,12730300
28/10/2011,8.82,8.89,8.65,8.78,7.9,8004600
31/10/2011,8.71,8.71,8.55,8.55,7.69,5576600
01/11/2011,8.32,8.63,8.26,8.46,7.61,18813100
02/11/2011,8.56,8.6,8.44,8.48,7.63,9807700
03/11/2011,8.61,8.63,8.43,8.59,7.73,8033700
04/11/2011,8.52,8.6,8.41,8.53,7.68,6843300
07/11/2011,8.53,8.62,8.37,8.42,7.58,7636800
08/11/2011,8.4,8.55,8.33,8.47,7.62,7644200
09/11/2011,8.27,8.33,8.14,8.17,7.35,6572700
10/11/2011,8.27,8.32,8.07,8.11,7.3,7234200
11/11/2011,8.24,8.27,8.15,8.21,7.39,5263800
14/11/2011,8.18,8.33,8.08,8.19,7.37,8314700
15/11/2011,8.13,8.24,8.09,8.2,7.38,6784900
16/11/2011,8.12,8.25,8.04,8.05,7.24,7410100
17/11/2011,8.04,8.1,7.72,7.78,7.0,8429700
18/11/2011,7.85,7.93,7.76,7.81,7.03,6165300
21/11/2011,7.71,7.81,7.61,7.73,6.96,5945700
22/11/2011,7.7,7.79,7.6,7.65,6.88,7605400
23/11/2011,7.58,7.6,7.4,7.4,6.66,8338000
25/11/2011,7.4,7.66,7.37,7.5,6.75,3716500
28/11/2011,7.73,7.94,7.68,7.87,7.08,7900900
29/11/2011,7.95,8.01,7.78,7.93,7.14,10006200
30/11/2011,7.98,8.43,7.97,8.38,7.54,23824200
01/12/2011,8.3,8.49,8.23,8.33,7.5,10944300
02/12/2011,8.4,8.48,8.27,8.28,7.45,6144600
05/12/2011,8.42,8.6,8.36,8.47,7.62,6446200
06/12/2011,8.48,8.58,8.36,8.54,7.69,9647200
07/12/2011,8.48,8.64,8.4,8.58,7.72,7716300
08/12/2011,8.49,8.49,8.25,8.27,7.45,6765500
09/12/2011,8.32,8.56,8.3,8.44,7.6,4348000
12/12/2011,8.34,8.49,8.21,8.43,7.59,6063200
13/12/2011,8.46,8.53,8.12,8.16,7.35,6475100
14/12/2011,8.17,8.37,8.13,8.17,7.36,7465600
15/12/2011,8.28,8.48,8.21,8.42,7.58,8771200
16/12/2011,8.49,8.71,8.47,8.71,7.84,14399400
19/12/2011,8.69,8.71,8.25,8.3,7.47,5981800
20/12/2011,8.44,8.65,8.39,8.48,7.63,7371700
21/12/2011,8.5,8.53,8.28,8.37,7.54,5069700
22/12/2011,8.36,8.5,8.28,8.4,7.56,5542000
23/12/2011,8.4,8.58,8.34,8.58,7.72,4904600
27/12/2011,8.52,8.6,8.39,8.51,7.66,4942400
28/12/2011,8.51,8.54,8.36,8.4,7.56,3333000
29/12/2011,8.41,8.62,8.41,8.6,7.74,3730500
30/12/2011,8.58,8.64,8.52,8.56,7.71,4516000
03/01/2012,8.72,8.76,8.41,8.41,7.57,8808600
04/01/2012,8.41,8.61,8.22,8.6,7.74,7582700
05/01/2012,8.57,8.64,8.39,8.62,7.76,4892200
06/01/2012,8.63,8.7,8.52,8.52,7.67,3046800
09/01/2012,8.52,8.68,8.52,8.59,7.73,2906900
10/01/2012,8.69,8.72,8.58,8.71,7.84,3630100
11/01/2012,8.7,8.91,8.65,8.88,7.99,5336400
12/01/2012,8.93,9.0,8.68,8.97,8.08,5266900
13/01/2012,8.9,8.99,8.74,8.84,7.96,3514100
17/01/2012,8.92,9.04,8.84,8.94,8.05,4348900
18/01/2012,8.92,9.17,8.82,9.02,8.12,5553200
19/01/2012,9.11,9.37,9.05,9.3,8.37,7996300
20/01/2012,9.54,9.56,9.35,9.4,8.46,10921900
23/01/2012,9.41,9.46,9.21,9.28,8.35,4673700
24/01/2012,9.23,9.31,9.13,9.16,8.25,5408200
25/01/2012,9.28,9.63,9.27,9.51,8.56,9722800
26/01/2012,9.57,9.78,9.3,9.38,8.44,8926500
27/01/2012,9.36,9.67,9.33,9.62,8.66,5205100
30/01/2012,9.55,9.57,9.33,9.38,8.44,7387900
31/01/2012,9.44,9.59,9.22,9.58,8.62,7066500
01/02/2012,9.7,9.8,9.56,9.74,8.77,5736500
02/02/2012,9.77,9.84,9.68,9.75,8.78,4288900
03/02/2012,9.85,10.05,9.81,10.04,9.04,6051400
06/02/2012,9.96,9.99,9.7,9.75,8.78,4343200
07/02/2012,9.71,9.82,9.6,9.64,8.68,6352600
08/02/2012,9.63,9.75,9.58,9.63,8.67,4062300
09/02/2012,9.63,9.79,9.49,9.78,8.81,5617500
10/02/2012,9.71,9.75,9.54,9.62,8.66,3506100
13/02/2012,9.65,9.78,9.6,9.72,8.75,4540200
14/02/2012,9.68,9.71,9.51,9.59,8.63,3629400
15/02/2012,9.61,9.7,9.5,9.53,8.58,4125500
16/02/2012,9.52,9.64,9.43,9.59,8.63,3700400
17/02/2012,9.67,9.72,9.43,9.43,8.49,5698900
21/02/2012,9.46,9.47,9.01,9.1,8.19,7115600
22/02/2012,9.03,9.15,8.95,9.02,8.12,5521300
23/02/2012,9.0,9.04,8.77,8.87,7.99,6792100
24/02/2012,8.89,8.94,8.67,8.68,7.81,4212300
27/02/2012,8.7,8.88,8.67,8.82,7.94,4238500
28/02/2012,8.81,8.95,8.75,8.95,8.06,6004200
29/02/2012,8.91,9.05,8.81,8.98,8.09,6380900
01/03/2012,9.02,9.1,8.86,8.88,8.0,7248600
02/03/2012,8.87,9.11,8.87,8.96,8.07,5034700
05/03/2012,8.91,8.91,8.63,8.74,7.87,7664400
06/03/2012,8.62,8.8,8.53,8.6,7.75,6239200
07/03/2012,8.61,8.67,8.46,8.49,7.65,7248400
08/03/2012,8.51,8.56,8.43,8.5,7.66,4726500
09/03/2012,8.5,8.6,8.45,8.48,7.64,4879500
12/03/2012,8.35,8.4,8.22,8.28,7.46,5907000
13/03/2012,8.37,8.42,8.2,8.41,7.58,6658500
14/03/2012,8.4,8.43,8.03,8.18,7.37,13921700
15/03/2012,8.17,8.5,8.06,8.45,7.61,15309400
16/03/2012,8.5,8.53,8.27,8.31,7.49,17011400
19/03/2012,8.34,8.44,8.26,8.41,7.58,5817100
20/03/2012,8.35,8.43,8.27,8.39,7.56,8301600
21/03/2012,8.43,8.43,8.3,8.32,7.49,6084100
22/03/2012,8.29,8.31,8.15,8.19,7.38,5484900
23/03/2012,8.18,8.26,8.13,8.23,7.41,6622600
26/03/2012,8.31,8.35,8.15,8.35,7.52,12102000
27/03/2012,8.35,8.36,8.21,8.23,7.41,6038200
28/03/2012,8.27,8.47,8.26,8.36,7.53,8267200
29/03/2012,8.3,8.44,8.17,8.4,7.57,8625600
30/03/2012,8.4,8.41,8.16,8.24,7.42,8889300
02/04/2012,8.22,8.33,8.15,8.26,7.44,9097600
03/04/2012,8.25,8.34,8.15,8.2,7.39,9873300
04/04/2012,8.32,8.5,8.3,8.38,7.55,12482200
05/04/2012,8.4,8.47,8.28,8.31,7.49,5769500
09/04/2012,8.18,8.3,8.13,8.22,7.4,5002300
10/04/2012,8.16,8.22,7.9,7.91,7.13,10326800
11/04/2012,8.01,8.02,7.9,7.95,7.16,5446200
12/04/2012,7.98,8.19,7.98,8.14,7.33,6505300
13/04/2012,8.1,8.1,7.92,7.94,7.15,10538900
16/04/2012,7.97,8.11,7.91,7.99,7.2,7344400
17/04/2012,8.07,8.1,8.01,8.08,7.28,7199500
18/04/2012,8.06,8.1,7.85,7.89,7.11,10583200
19/04/2012,8.07,8.3,7.94,8.23,7.41,14669900
20/04/2012,8.22,8.29,7.88,7.91,7.13,14959800
23/04/2012,7.84,7.94,7.76,7.88,7.1,10630500
24/04/2012,7.88,8.1,7.88,8.02,7.22,9912600
25/04/2012,8.08,8.18,7.93,7.98,7.19,6648000
26/04/2012,8.05,8.14,8.02,8.09,7.29,8893100
27/04/2012,8.15,8.29,8.1,8.25,7.43,10157600
30/04/2012,8.22,8.29,8.16,8.28,7.46,6175700
01/05/2012,8.25,8.35,8.23,8.28,7.46,7093800
02/05/2012,8.22,8.33,8.09,8.17,7.36,7286600
03/05/2012,8.18,8.37,8.12,8.22,7.4,7455400
04/05/2012,8.26,8.3,8.07,8.1,7.3,8335400
07/05/2012,8.11,8.35,8.1,8.26,7.44,8359100
08/05/2012,8.23,8.3,8.2,8.27,7.45,6435900
09/05/2012,8.24,8.28,8.1,8.2,7.39,7960700
10/05/2012,8.26,8.3,8.1,8.1,7.3,5657200
11/05/2012,8.1,8.15,8.04,8.05,7.25,7283900
14/05/2012,8.02,8.13,8.0,8.08,7.28,8644100
15/05/2012,8.05,8.15,8.04,8.07,7.27,5069600
16/05/2012,8.1,8.27,8.07,8.21,7.4,8356800
17/05/2012,8.23,8.38,8.05,8.35,7.52,20603700
18/05/2012,8.37,8.37,8.13,8.15,7.34,15571300
21/05/2012,8.18,8.36,8.16,8.34,7.51,12843800
22/05/2012,8.34,8.35,8.2,8.27,7.45,10105100
23/05/2012,8.24,8.37,8.05,8.36,7.53,11985600
24/05/2012,8.4,8.85,8.37,8.74,7.87,15191400
25/05/2012,8.78,8.85,8.69,8.76,7.89,8332700
29/05/2012,8.86,8.97,8.82,8.94,8.05,6269200
30/05/2012,8.85,8.94,8.76,8.87,7.99,8917700
31/05/2012,8.9,9.14,8.84,9.03,8.13,13249800
01/06/2012,8.9,9.11,8.84,8.95,8.06,14893800
04/06/2012,8.85,8.95,8.6,8.6,7.76,13432900
05/06/2012,8.6,8.71,8.58,8.66,7.81,8786700
06/06/2012,8.75,8.94,8.74,8.8,7.94,10001800
07/06/2012,8.91,9.15,8.85,8.86,7.99,9542500
08/06/2012,8.84,9.09,8.84,9.06,8.17,10019600
11/06/2012,9.11,9.14,8.95,8.98,8.1,7797300
12/06/2012,9.09,9.15,8.97,8.99,8.11,9756700
13/06/2012,8.98,9.25,8.96,9.19,8.29,9269500
14/06/2012,9.2,9.4,9.14,9.2,8.3,11994600
15/06/2012,9.25,9.26,8.86,8.93,8.05,16070700
18/06/2012,8.92,9.06,8.8,9.03,8.14,8626700
19/06/2012,9.06,9.24,9.0,9.23,8.32,6579900
20/06/2012,9.25,9.34,9.12,9.31,8.4,10700600
21/06/2012,9.33,9.36,9.16,9.21,8.31,12219700
22/06/2012,9.29,9.37,9.18,9.21,8.31,11023400
25/06/2012,9.1,9.15,8.76,8.76,7.9,11120400
26/06/2012,8.8,8.94,8.71,8.87,8.0,12379100
27/06/2012,8.94,9.2,8.87,9.14,8.24,10516800
28/06/2012,9.14,9.21,8.93,9.21,8.31,7326100
29/06/2012,9.34,9.42,9.18,9.22,8.31,13235000
02/07/2012,9.3,9.35,9.07,9.31,8.4,11771700
03/07/2012,9.27,9.3,9.17,9.28,8.37,5000400
05/07/2012,9.24,9.27,9.06,9.15,8.25,7096300
06/07/2012,9.06,9.29,9.06,9.27,8.36,5492500
09/07/2012,9.23,9.33,9.14,9.24,8.33,6784900
10/07/2012,9.43,9.77,9.43,9.63,8.68,17424900
11/07/2012,9.65,9.66,9.54,9.56,8.62,8590900
12/07/2012,9.46,9.53,9.31,9.31,8.4,8916700
13/07/2012,9.37,9.52,9.35,9.44,8.51,7510500
16/07/2012,9.48,9.53,9.36,9.42,8.5,8616200
17/07/2012,9.46,9.5,9.36,9.39,8.47,9204600
18/07/2012,9.35,9.57,9.35,9.42,8.5,9336300
19/07/2012,9.8,9.82,9.08,9.15,8.25,15706800
20/07/2012,9.18,9.25,8.82,8.86,7.99,12555800
23/07/2012,8.72,8.77,8.61,8.71,7.85,8106300
24/07/2012,8.75,8.78,8.47,8.66,7.81,10878100
25/07/2012,8.63,8.72,8.45,8.47,7.64,8749600
26/07/2012,8.59,8.69,8.51,8.68,7.83,8194200
27/07/2012,8.71,8.92,8.69,8.9,8.03,9477700
30/07/2012,8.87,9.22,8.85,9.15,8.25,14173000
31/07/2012,9.11,9.25,9.07,9.19,8.29,8555600
01/08/2012,9.19,9.23,9.05,9.18,8.28,10650000
02/08/2012,9.06,9.14,8.89,8.94,8.06,11346400
03/08/2012,9.02,9.28,8.98,9.13,8.23,7556400
06/08/2012,9.15,9.28,9.15,9.26,8.35,5335900
07/08/2012,9.29,9.35,9.06,9.09,8.2,11170700
08/08/2012,9.02,9.21,8.95,9.1,8.21,6109900
09/08/2012,9.07,9.14,9.02,9.04,8.15,6497400
10/08/2012,9.0,9.07,8.92,9.07,8.18,4176200
13/08/2012,9.03,9.12,8.97,9.12,8.22,6648500
14/08/2012,9.02,9.11,8.91,9.01,8.13,9670800
15/08/2012,8.96,9.04,8.95,9.02,8.14,5134600
16/08/2012,9.03,9.09,9.0,9.07,8.19,7062800
17/08/2012,9.11,9.15,9.06,9.13,8.24,5748700
20/08/2012,9.1,9.49,9.08,9.44,8.52,14482400
21/08/2012,9.42,9.53,9.41,9.46,8.54,13899600
22/08/2012,9.44,9.46,9.29,9.32,8.41,8256300
23/08/2012,9.33,9.38,9.28,9.3,8.4,8823100
24/08/2012,9.26,9.32,9.2,9.21,8.31,5957300
27/08/2012,9.21,9.24,9.06,9.07,8.19,5350600
28/08/2012,9.05,9.1,8.93,8.98,8.11,7867700
29/08/2012,8.97,8.99,8.81,8.89,8.03,4875400
30/08/2012,8.85,9.04,8.83,8.96,8.09,4138400
31/08/2012,9.02,9.1,8.92,8.94,8.07,4725800
04/09/2012,8.93,8.93,8.77,8.85,7.99,5893800
05/09/2012,8.82,9.11,8.82,9.09,8.21,6485800
06/09/2012,9.13,9.32,9.05,9.21,8.31,6760300
07/09/2012,9.15,9.26,9.03,9.19,8.3,8915200
10/09/2012,9.23,9.28,9.13,9.15,8.26,5706100
11/09/2012,9.13,9.13,8.95,8.95,8.08,7131700
12/09/2012,8.97,9.26,8.96,9.18,8.29,8283500
13/09/2012,9.15,9.18,9.01,9.11,8.22,6266800
14/09/2012,9.11,9.13,9.02,9.07,8.19,5267200
17/09/2012,9.01,9.11,8.9,9.05,8.17,8382400
18/09/2012,9.05,9.06,8.86,8.92,8.05,5694200
19/09/2012,8.99,9.14,8.96,9.06,8.18,7464900
20/09/2012,9.0,9.05,8.87,8.94,8.07,3927200
21/09/2012,9.02,9.04,8.8,8.84,7.98,7461100
24/09/2012,8.82,8.99,8.79,8.89,8.03,5014800
25/09/2012,8.87,8.95,8.82,8.84,7.98,5386500
26/09/2012,8.82,8.98,8.82,8.92,8.05,4661200
27/09/2012,8.93,8.96,8.8,8.88,8.02,5300500
28/09/2012,8.87,8.87,8.75,8.77,7.92,6275500
01/10/2012,8.78,8.94,8.75,8.86,8.0,6385400
02/10/2012,8.85,8.98,8.85,8.98,8.11,8975200
03/10/2012,9.0,9.14,8.93,9.14,8.25,11925600
04/10/2012,9.16,9.16,9.05,9.1,8.22,6377900
05/10/2012,9.06,9.17,8.84,8.97,8.1,9287700
08/10/2012,8.99,9.03,8.86,8.86,8.0,5250100
09/10/2012,8.85,8.89,8.74,8.75,7.9,4408600
10/10/2012,8.78,8.87,8.7,8.77,7.92,5146800
11/10/2012,8.8,8.83,8.71,8.71,7.86,4266100
12/10/2012,8.68,8.88,8.68,8.84,7.98,5991100
15/10/2012,8.87,8.92,8.81,8.89,8.03,4097600
16/10/2012,8.91,9.0,8.86,8.88,8.02,5643100
17/10/2012,8.89,9.03,8.85,8.95,8.08,4527100
18/10/2012,8.98,9.1,8.95,8.98,8.11,12259700
19/10/2012,9.03,9.1,8.86,8.88,8.02,5228100
22/10/2012,8.9,8.95,8.7,8.83,7.97,7207400
23/10/2012,8.78,8.83,8.68,8.79,7.94,10538000
24/10/2012,8.81,8.88,8.71,8.75,7.9,5078000
25/10/2012,8.8,8.92,8.74,8.83,7.97,5779000
26/10/2012,8.84,8.9,8.69,8.74,7.89,4881500
31/10/2012,8.75,8.92,8.74,8.82,7.96,3979000
01/11/2012,8.82,9.07,8.82,9.05,8.17,6272600
02/11/2012,9.07,9.1,8.95,9.03,8.15,6426000
05/11/2012,9.03,9.09,8.99,9.04,8.16,4066700
06/11/2012,9.04,9.16,8.98,9.15,8.26,7381000
07/11/2012,9.06,9.13,8.93,9.01,8.13,4980800
08/11/2012,9.01,9.22,8.99,9.18,8.29,5744200
09/11/2012,9.14,9.32,9.03,9.06,8.18,9317900
12/11/2012,9.08,9.13,8.97,9.07,8.19,5183200
13/11/2012,9.01,9.21,9.0,9.03,8.15,4394100
14/11/2012,9.03,9.1,8.75,8.76,7.91,8789100
15/11/2012,8.74,8.95,8.74,8.84,7.98,6886300
16/11/2012,8.82,8.94,8.7,8.93,8.06,8671800
19/11/2012,9.0,9.11,8.92,9.1,8.22,5355400
20/11/2012,9.12,9.15,8.99,9.11,8.22,7274600
21/11/2012,9.11,9.28,9.06,9.23,8.33,5718500
23/11/2012,9.24,9.37,9.21,9.37,8.46,2651200
26/11/2012,9.3,9.4,9.16,9.4,8.49,6263000
27/11/2012,9.37,9.44,9.29,9.29,8.39,6636400
28/11/2012,9.29,9.48,9.24,9.43,8.51,7062000
29/11/2012,9.46,9.55,9.43,9.5,8.58,7567600
30/11/2012,9.5,9.58,9.46,9.53,8.6,6930100
03/12/2012,9.58,9.58,9.42,9.44,8.52,4550700
04/12/2012,9.47,9.68,9.47,9.63,8.7,8287300
05/12/2012,9.6,9.82,9.59,9.79,8.85,13716800
06/12/2012,9.79,9.88,9.77,9.88,8.93,6328500
07/12/2012,9.87,9.89,9.73,9.81,8.87,4993900
10/12/2012,9.75,9.92,9.7,9.84,8.89,4429900
11/12/2012,9.88,10.2,9.85,10.12,9.15,9535400
12/12/2012,10.13,10.17,9.96,10.02,9.06,8867600
13/12/2012,10.03,10.23,10.0,10.14,9.16,5494600
14/12/2012,10.18,10.41,10.13,10.19,9.21,9643300
17/12/2012,10.25,10.43,10.24,10.36,9.36,11031800
18/12/2012,10.36,10.51,10.34,10.5,9.49,6126500
19/12/2012,10.43,10.61,10.39,10.56,9.54,6348800
20/12/2012,10.58,10.58,10.43,10.54,9.53,7193000
21/12/2012,10.44,10.55,10.35,10.46,9.45,9204100
24/12/2012,10.47,10.53,10.37,10.43,9.43,1901700
26/12/2012,10.42,10.5,10.3,10.31,9.32,3504000
27/12/2012,10.32,10.37,10.13,10.26,9.27,4590600
28/12/2012,10.19,10.26,10.16,10.16,9.18,3419500
31/12/2012,10.13,10.25,10.1,10.24,9.25,5516300
02/01/2013,10.45,10.5,10.36,10.47,9.46,6017300
03/01/2013,10.46,10.77,10.44,10.72,9.69,8985900
04/01/2013,10.75,10.92,10.73,10.88,9.83,6884900
07/01/2013,10.9,11.02,10.8,10.91,9.86,6882100
08/01/2013,11.23,11.27,11.0,11.03,9.97,10480100
09/01/2013,11.04,11.16,10.94,11.0,9.94,8476400
10/01/2013,11.09,11.09,10.94,11.07,10.0,8751700
11/01/2013,11.09,11.16,11.0,11.05,9.99,7152800
14/01/2013,11.05,11.13,11.01,11.02,9.96,8025000
15/01/2013,10.98,11.13,10.94,11.08,10.01,11341200
16/01/2013,11.05,11.35,11.05,11.28,10.19,13207600
17/01/2013,11.34,11.43,11.17,11.4,10.3,8220600
18/01/2013,11.38,11.45,11.15,11.26,10.18,7322200
22/01/2013,11.28,11.6,11.19,11.48,10.38,9391800
23/01/2013,11.57,11.59,11.31,11.36,10.27,13770800
24/01/2013,11.47,11.62,11.38,11.45,10.35,11076100
25/01/2013,11.46,11.55,11.42,11.44,10.34,7626500
28/01/2013,11.54,11.54,11.37,11.43,10.33,6107600
29/01/2013,11.35,11.42,11.2,11.33,10.24,7657300
30/01/2013,11.36,11.4,11.23,11.24,10.16,10916800
31/01/2013,11.22,11.38,11.21,11.21,10.13,9692200
01/02/2013,11.29,11.45,11.22,11.23,10.15,9820100
04/02/2013,11.22,11.38,11.15,11.18,10.1,10977800
05/02/2013,11.28,11.36,11.22,11.27,10.19,8317000
06/02/2013,11.21,11.5,11.21,11.47,10.37,9347100
07/02/2013,11.47,11.65,11.41,11.61,10.49,7944500
08/02/2013,11.6,11.73,11.53,11.64,10.52,6534900
11/02/2013,11.67,11.76,11.63,11.65,10.53,4477600
12/02/2013,11.65,11.66,11.51,11.55,10.44,3759900
13/02/2013,11.57,11.66,11.54,11.61,10.49,3951400
14/02/2013,11.6,11.6,11.38,11.47,10.37,8080800
15/02/2013,11.53,11.76,11.5,11.6,10.48,6955400
19/02/2013,11.64,11.7,11.56,11.7,10.57,4927900
20/02/2013,11.66,11.69,11.41,11.43,10.33,4587300
21/02/2013,11.42,11.48,11.31,11.45,10.35,6437000
22/02/2013,11.47,11.63,11.45,11.6,10.48,4704100
25/02/2013,11.63,11.72,11.31,11.32,10.23,6134500
26/02/2013,11.35,11.41,11.23,11.4,10.3,5901800
27/02/2013,11.38,11.82,11.38,11.82,10.68,6339200
28/02/2013,11.82,11.9,11.64,11.7,10.57,7954800
01/03/2013,11.66,11.95,11.66,11.82,10.68,5655900
04/03/2013,11.76,12.09,11.75,12.04,10.88,8431800
05/03/2013,12.13,12.15,11.98,12.11,10.95,8266100
06/03/2013,12.17,12.21,11.98,12.05,10.9,5551800
07/03/2013,11.97,12.12,11.94,12.09,10.94,6672700
08/03/2013,12.25,12.3,12.14,12.26,11.09,6870200
11/03/2013,12.19,12.33,12.07,12.33,11.15,8168500
12/03/2013,12.34,12.46,12.29,12.34,11.16,7609900
13/03/2013,12.35,12.53,12.35,12.45,11.26,5646200
14/03/2013,12.46,12.55,12.37,12.55,11.35,5133400
15/03/2013,12.52,12.55,12.36,12.38,11.2,8393300
18/03/2013,12.29,12.6,12.14,12.56,11.36,4583800
19/03/2013,12.6,12.69,12.49,12.64,11.43,4167300
20/03/2013,12.68,12.84,12.62,12.79,11.57,5591400
21/03/2013,12.72,12.9,12.72,12.76,11.54,5902900
22/03/2013,12.79,12.93,12.61,12.87,11.64,7653400
25/03/2013,12.95,12.99,12.75,12.86,11.63,7223700
26/03/2013,12.87,13.06,12.82,12.95,11.71,9168100
27/03/2013,12.86,13.25,12.84,13.19,11.93,8495100
28/03/2013,13.25,13.58,13.21,13.48,12.19,11806600
01/04/2013,13.47,13.51,13.18,13.23,11.97,6334400
02/04/2013,13.19,13.22,12.62,12.68,11.47,13026100
03/04/2013,12.69,12.87,12.48,12.54,11.34,11925200
04/04/2013,12.54,12.85,12.54,12.8,11.58,7572300
05/04/2013,12.6,12.83,12.45,12.81,11.59,6812600
08/04/2013,12.83,12.95,12.64,12.93,11.7,7278800
09/04/2013,12.93,13.04,12.79,12.9,11.67,6670100
10/04/2013,12.9,13.14,12.9,13.04,11.8,6554700
11/04/2013,13.06,13.25,13.0,13.09,11.84,6883500
12/04/2013,13.06,13.22,13.03,13.15,11.89,4890300
15/04/2013,13.11,13.2,12.61,12.67,11.46,9423400
16/04/2013,12.86,13.18,12.81,13.18,11.92,8204300
17/04/2013,13.12,13.2,12.9,13.15,11.89,6757600
18/04/2013,13.16,13.16,12.93,12.98,11.74,3763500
19/04/2013,13.02,13.4,12.96,13.34,12.07,4923800
22/04/2013,13.46,13.48,13.11,13.17,11.91,7340600
23/04/2013,13.19,13.45,13.14,13.34,12.07,7650500
24/04/2013,13.38,13.45,13.19,13.42,12.14,7174200
25/04/2013,13.52,13.61,13.33,13.42,12.14,8023900
26/04/2013,13.49,13.53,13.3,13.39,12.11,5680000
29/04/2013,13.45,13.6,13.4,13.54,12.25,4950800
30/04/2013,13.55,13.77,13.48,13.7,12.39,6785000
01/05/2013,13.71,13.82,13.4,13.48,12.19,5852700
02/05/2013,13.49,13.83,13.48,13.76,12.45,5205900
03/05/2013,13.89,14.11,13.83,14.07,12.73,7259300
06/05/2013,14.08,14.32,14.03,14.25,12.89,4462000
07/05/2013,14.27,14.35,14.21,14.23,12.87,6205800
08/05/2013,14.27,14.49,14.23,14.33,12.96,4831200
09/05/2013,14.37,14.42,14.06,14.09,12.74,5131600
10/05/2013,14.11,14.27,14.1,14.16,12.81,4964400
13/05/2013,14.15,14.17,13.94,13.95,12.62,6762700
14/05/2013,13.98,14.11,13.96,13.98,12.65,9985200
15/05/2013,13.98,14.47,13.98,14.34,12.97,16864200
16/05/2013,14.37,14.49,14.03,14.14,12.79,9277100
17/05/2013,14.35,14.45,14.3,14.38,13.01,11499500
20/05/2013,14.38,14.55,14.13,14.25,12.89,7905400
21/05/2013,14.23,14.56,14.23,14.31,12.94,12836400
22/05/2013,14.3,14.39,13.96,14.03,12.69,7688400
23/05/2013,13.9,14.4,13.87,14.37,13.0,9834600
24/05/2013,14.26,14.35,14.06,14.28,12.92,7197400
28/05/2013,14.4,14.44,14.15,14.27,12.91,7824000
29/05/2013,14.19,14.28,14.06,14.13,12.78,7174200
30/05/2013,14.18,14.37,14.18,14.27,12.91,7007900
31/05/2013,14.22,14.36,14.17,14.17,12.82,8734000
03/06/2013,14.18,14.28,13.84,14.0,12.7,7664700
04/06/2013,13.99,14.2,13.8,13.92,12.63,8438700
05/06/2013,13.88,13.92,13.58,13.63,12.36,8708700
06/06/2013,13.57,13.69,13.19,13.5,12.25,12848500
07/06/2013,13.65,13.94,13.63,13.88,12.59,8502300
10/06/2013,13.94,14.06,13.89,13.98,12.68,5084600
11/06/2013,13.82,14.05,13.73,13.95,12.65,6520200
12/06/2013,14.07,14.1,13.77,13.87,12.58,5151900
13/06/2013,13.85,14.06,13.81,13.98,12.68,5776400
14/06/2013,13.92,14.01,13.83,13.87,12.58,5130500
17/06/2013,13.93,13.94,13.66,13.78,12.5,7905200
18/06/2013,13.8,13.9,13.7,13.86,12.57,4758900
19/06/2013,13.86,13.87,13.69,13.69,12.42,6045300
20/06/2013,13.56,13.7,13.51,13.53,12.27,7671800
21/06/2013,13.63,13.71,13.35,13.48,12.23,8274700
24/06/2013,13.35,13.35,13.12,13.31,12.07,10729700
25/06/2013,13.37,13.44,13.29,13.35,12.11,6309600
26/06/2013,13.18,13.26,12.92,12.97,11.76,9528900
27/06/2013,13.02,13.23,12.79,13.04,11.83,8318700
28/06/2013,12.99,13.05,12.83,12.89,11.69,7505200
01/07/2013,12.96,13.25,12.94,13.11,11.89,4687300
02/07/2013,13.09,13.12,12.67,12.71,11.53,6153300
03/07/2013,12.67,12.88,12.58,12.71,11.53,3393500
05/07/2013,12.77,12.86,12.71,12.79,11.6,3729700
08/07/2013,12.86,12.91,12.76,12.91,11.71,5467200
09/07/2013,12.97,13.15,12.93,13.1,11.88,5027100
10/07/2013,13.09,13.25,12.96,13.14,11.92,5318500
11/07/2013,13.25,13.33,13.09,13.29,12.06,5941200
12/07/2013,13.29,13.48,13.24,13.46,12.21,5236100
15/07/2013,13.46,13.57,13.38,13.48,12.23,3277100
16/07/2013,13.52,13.61,13.38,13.4,12.15,4148800
17/07/2013,13.43,13.8,13.16,13.65,12.38,8068600
18/07/2013,13.64,13.9,13.54,13.78,12.5,8553200
19/07/2013,13.82,13.9,13.72,13.81,12.53,4415800
22/07/2013,13.78,13.88,13.74,13.87,12.58,3260400
23/07/2013,13.87,13.92,13.73,13.89,12.6,4862900
24/07/2013,13.95,14.02,13.75,13.76,12.48,6128900
25/07/2013,13.62,13.81,13.24,13.81,12.53,10947500
26/07/2013,13.65,13.8,13.47,13.79,12.51,5539600
29/07/2013,13.77,13.8,13.65,13.7,12.43,4421200
30/07/2013,13.77,13.98,13.66,13.82,12.54,6746300
31/07/2013,13.86,13.95,13.78,13.83,12.54,4211800
01/08/2013,13.91,14.22,13.91,14.2,12.88,5184000
02/08/2013,14.14,14.22,14.06,14.19,12.87,5092500
05/08/2013,14.13,14.24,14.09,14.09,12.78,2922500
06/08/2013,14.05,14.09,13.79,13.84,12.59,3602600
07/08/2013,13.8,13.93,13.7,13.77,12.53,6364800
08/08/2013,13.86,13.91,13.78,13.86,12.61,5446900
09/08/2013,13.82,13.91,13.69,13.74,12.5,5255900
12/08/2013,13.68,13.83,13.64,13.72,12.48,3124400
13/08/2013,13.77,13.82,13.22,13.47,12.25,13162900
14/08/2013,13.46,13.59,13.25,13.5,12.28,8960800
15/08/2013,13.38,13.44,13.25,13.32,12.12,4885900
16/08/2013,13.35,13.53,13.32,13.34,12.13,5107200
19/08/2013,13.27,13.27,12.99,13.11,11.93,7135700
20/08/2013,13.09,13.26,13.04,13.15,11.96,4663700
21/08/2013,13.13,13.18,13.03,13.05,11.87,5066800
22/08/2013,13.07,13.26,13.06,13.19,12.0,3623900
23/08/2013,13.24,13.29,13.14,13.27,12.07,3875300
26/08/2013,13.28,13.36,13.2,13.27,12.07,3994400
27/08/2013,13.1,13.13,12.74,12.8,11.64,6414400
28/08/2013,12.78,12.84,12.67,12.77,11.62,5090400
29/08/2013,12.76,12.88,12.64,12.79,11.63,6185200
30/08/2013,12.83,12.93,12.75,12.81,11.65,3847400
03/09/2013,12.97,13.04,12.73,12.82,11.66,5358500
04/09/2013,12.87,13.02,12.82,13.01,11.83,4912100
05/09/2013,13.03,13.14,12.97,13.09,11.91,4195800
06/09/2013,13.12,13.26,12.94,13.1,11.92,5106400
09/09/2013,13.04,13.32,12.98,13.27,12.07,6257400
10/09/2013,13.36,13.9,13.36,13.9,12.64,8805300
11/09/2013,13.87,13.96,13.71,13.85,12.6,7197700
12/09/2013,13.86,13.89,13.69,13.75,12.51,5253000
13/09/2013,13.76,13.96,13.76,13.9,12.64,4137600
16/09/2013,14.06,14.3,14.02,14.1,12.83,8271500
17/09/2013,14.24,14.3,14.09,14.22,12.94,5645600
18/09/2013,14.18,14.33,14.02,14.25,12.96,6672700
19/09/2013,14.26,14.58,14.22,14.54,13.23,11829000
20/09/2013,14.63,14.66,14.36,14.41,13.11,7608400
23/09/2013,14.43,14.51,14.31,14.43,13.13,5032000
24/09/2013,14.46,14.82,14.43,14.7,13.37,7836900
25/09/2013,14.72,14.73,14.49,14.59,13.27,6886200
26/09/2013,14.58,14.75,14.55,14.7,13.37,3658800
27/09/2013,14.56,14.76,14.44,14.64,13.32,3939100
30/09/2013,14.46,14.64,14.11,14.56,13.24,6002400
01/10/2013,14.58,14.83,14.56,14.73,13.4,5150400
02/10/2013,14.73,14.78,14.48,14.67,13.34,5412300
03/10/2013,14.6,14.76,14.49,14.72,13.39,6003400
04/10/2013,14.68,14.93,14.64,14.89,13.54,5142000
07/10/2013,14.79,15.01,14.73,14.87,13.53,6634200
08/10/2013,14.89,15.01,14.82,14.82,13.48,7222900
09/10/2013,14.84,15.07,14.81,14.95,13.6,8158200
10/10/2013,15.08,15.14,14.99,15.12,13.75,6158100
11/10/2013,15.1,15.32,15.05,15.23,13.85,5108000
14/10/2013,15.14,15.33,15.11,15.31,13.93,3782600
15/10/2013,15.3,15.39,15.2,15.2,13.83,4798400
16/10/2013,15.25,15.61,15.25,15.6,14.19,5815100
17/10/2013,15.68,16.11,15.65,16.01,14.56,7999900
18/10/2013,16.09,16.18,16.03,16.07,14.62,4973600
21/10/2013,16.05,16.15,15.96,16.09,14.64,5277700
22/10/2013,16.17,16.57,16.17,16.36,14.88,7398400
23/10/2013,16.35,16.58,16.23,16.41,14.93,9035200
24/10/2013,16.67,17.05,16.6,17.02,15.48,8345700
25/10/2013,17.05,17.34,16.82,17.17,15.62,8877600
28/10/2013,17.2,17.23,17.01,17.1,15.56,8115100
29/10/2013,17.17,17.34,17.05,17.16,15.61,7978700
30/10/2013,17.21,17.28,16.92,17.13,15.58,7925100
31/10/2013,17.14,17.31,17.08,17.22,15.66,6543300
01/11/2013,17.26,17.49,17.2,17.47,15.89,5795100
04/11/2013,17.53,18.13,17.53,17.87,16.26,9384600
05/11/2013,17.93,18.07,17.66,17.87,16.26,11687000
06/11/2013,17.99,18.09,17.69,17.8,16.19,8843900
07/11/2013,17.86,17.98,17.52,17.57,15.98,10387600
08/11/2013,17.64,17.77,17.57,17.69,16.09,9531300
11/11/2013,17.75,17.91,17.73,17.81,16.2,5452400
12/11/2013,17.74,18.54,17.74,18.03,16.4,15799100
13/11/2013,17.99,18.09,17.92,18.0,16.37,7679600
14/11/2013,18.19,18.39,18.09,18.18,16.54,6049200
15/11/2013,18.24,18.34,17.99,18.16,16.52,7071100
18/11/2013,18.22,18.41,18.04,18.14,16.5,6219300
19/11/2013,18.15,18.42,18.13,18.17,16.53,7662000
20/11/2013,18.2,18.35,17.96,18.01,16.38,6380300
21/11/2013,18.12,18.52,18.11,18.45,16.78,6867300
22/11/2013,18.47,18.57,18.36,18.56,16.88,7003400
25/11/2013,18.6,18.8,18.53,18.55,16.87,4646900
26/11/2013,18.6,18.82,18.41,18.54,16.87,5572400
27/11/2013,18.66,18.98,18.62,18.95,17.24,4774000
29/11/2013,18.96,18.96,18.56,18.59,16.91,3738700
02/12/2013,18.62,18.83,18.57,18.61,16.93,5499200
03/12/2013,18.54,18.54,18.13,18.28,16.63,6827000
04/12/2013,18.2,18.22,17.73,17.9,16.28,9411800
05/12/2013,17.91,18.24,17.9,18.0,16.37,7679100
06/12/2013,18.18,18.38,18.04,18.31,16.66,4757000
09/12/2013,18.31,18.59,18.3,18.5,16.83,5717300
10/12/2013,18.49,18.82,18.46,18.58,16.94,5794000
11/12/2013,18.57,18.63,17.95,17.97,16.38,9943700
12/12/2013,18.31,18.84,18.21,18.79,17.13,11460200
13/12/2013,18.88,18.93,18.41,18.63,16.98,6428300
16/12/2013,18.74,18.81,18.42,18.73,17.08,5305500
17/12/2013,18.73,18.73,18.32,18.32,16.7,5692200
18/12/2013,18.44,18.67,18.2,18.66,17.01,5979800
19/12/2013,18.72,18.78,18.36,18.62,16.97,4726700
20/12/2013,18.66,18.94,18.57,18.86,17.19,10329000
23/12/2013,18.95,18.98,18.72,18.89,17.22,4705700
24/12/2013,18.87,18.95,18.8,18.93,17.26,1475000
26/12/2013,18.94,18.97,18.8,18.93,17.26,2432500
27/12/2013,18.98,19.0,18.6,18.74,17.08,2870000
30/12/2013,18.8,18.92,18.74,18.83,17.17,2971800
31/12/2013,18.84,18.94,18.76,18.84,17.18,2872100
02/01/2014,18.85,19.09,18.78,18.88,17.21,4556500
03/01/2014,18.95,19.51,18.95,19.42,17.7,8708100
06/01/2014,19.48,19.63,19.07,19.15,17.46,8125400
07/01/2014,19.24,19.67,19.24,19.53,17.8,7228000
08/01/2014,19.54,20.21,19.41,20.18,18.4,11519400
09/01/2014,20.41,20.87,20.34,20.76,18.93,12104500
10/01/2014,20.77,21.15,20.6,21.03,19.17,6997000
13/01/2014,21.17,21.2,20.64,20.72,18.89,6694600
14/01/2014,20.8,21.45,20.8,21.43,19.54,11579500
15/01/2014,21.92,21.98,20.92,21.16,19.29,9842100
16/01/2014,21.18,21.49,21.14,21.46,19.56,8010200
17/01/2014,21.57,21.74,21.17,21.22,19.34,6087400
21/01/2014,21.67,21.84,21.25,21.3,19.42,8165800
22/01/2014,21.67,21.8,21.42,21.77,19.85,8148800
23/01/2014,21.97,22.1,20.82,21.24,19.36,15070700
24/01/2014,21.3,21.42,20.72,20.84,19.0,11234300
27/01/2014,20.84,20.99,20.22,20.61,18.79,8326500
28/01/2014,20.93,21.44,20.84,21.31,19.43,9879500
29/01/2014,21.08,21.57,20.51,20.61,18.79,12385000
30/01/2014,20.8,21.33,20.79,21.22,19.34,11463100
31/01/2014,20.97,21.26,20.88,20.95,19.1,9510000
03/02/2014,20.98,21.02,20.34,20.43,18.62,11373800
04/02/2014,20.63,20.76,20.29,20.65,18.83,7685500
05/02/2014,20.6,20.67,20.23,20.61,18.79,9161000
06/02/2014,20.6,21.1,20.56,20.96,19.11,7159300
07/02/2014,20.99,21.53,20.92,21.43,19.54,10395300
10/02/2014,21.42,21.53,20.94,21.02,19.16,8428600
11/02/2014,21.13,21.4,20.96,21.32,19.44,8624800
12/02/2014,21.34,21.38,20.96,21.21,19.34,7781400
13/02/2014,21.08,21.32,21.0,21.2,19.33,7051700
14/02/2014,21.16,21.43,21.09,21.3,19.42,5357900
18/02/2014,21.42,21.57,20.97,21.03,19.17,7443400
19/02/2014,21.01,21.17,20.88,20.95,19.1,7691400
20/02/2014,21.04,21.76,20.97,21.7,19.78,8849600
21/02/2014,21.7,21.92,21.61,21.76,19.84,8896900
24/02/2014,21.76,22.28,21.73,22.16,20.2,9630200
25/02/2014,22.18,22.55,22.15,22.3,20.33,8942200
26/02/2014,22.48,22.63,22.25,22.42,20.44,7267200
27/02/2014,22.37,22.62,22.3,22.46,20.48,5728200
28/02/2014,22.33,22.56,22.16,22.44,20.46,6993500
03/03/2014,22.15,22.39,21.82,22.3,20.33,7918600
04/03/2014,22.7,23.0,22.58,22.83,20.85,10436600
05/03/2014,22.92,23.23,22.83,23.03,21.03,7477600
06/03/2014,23.12,23.35,23.03,23.12,21.11,7330100
07/03/2014,23.26,23.27,22.87,23.1,21.1,7066900
10/03/2014,23.14,23.67,23.1,23.6,21.55,7949000
11/03/2014,23.6,24.03,23.42,23.78,21.72,7451100
12/03/2014,23.92,24.15,23.72,23.9,21.83,8013700
13/03/2014,23.95,23.98,23.49,23.6,21.55,8093700
14/03/2014,23.59,24.14,23.44,23.92,21.85,8198100
17/03/2014,24.09,24.11,23.75,23.98,21.9,6500300
18/03/2014,24.01,24.17,23.88,23.9,21.83,6802500
19/03/2014,23.91,24.04,23.59,23.77,21.71,5973000
20/03/2014,23.69,23.89,23.59,23.88,21.81,5590800
21/03/2014,24.09,24.11,23.18,23.18,21.17,12407300
24/03/2014,23.38,23.57,23.05,23.37,21.34,5548500
25/03/2014,23.5,23.82,23.48,23.7,21.64,3968500
26/03/2014,23.82,23.87,23.4,23.44,21.41,5129500
27/03/2014,23.39,23.39,22.78,23.16,21.15,6001400
28/03/2014,23.14,23.66,23.05,23.16,21.15,5706600
31/03/2014,23.3,23.71,23.28,23.61,21.56,4551000
01/04/2014,23.73,23.94,23.67,23.94,21.86,5625400
02/04/2014,24.01,24.45,23.94,24.07,21.98,9199900
03/04/2014,24.09,24.3,23.81,24.01,21.93,4467000
04/04/2014,24.16,24.25,23.7,23.81,21.75,5740600
07/04/2014,23.8,24.09,23.27,23.43,21.4,7303800
08/04/2014,23.5,23.62,22.89,23.51,21.47,9137900
09/04/2014,23.6,24.22,23.47,24.15,22.06,7007800
10/04/2014,24.24,24.25,23.09,23.13,21.12,9455800
11/04/2014,23.1,23.44,22.68,22.75,20.78,8274900
14/04/2014,23.1,23.15,22.35,22.51,20.56,7449400
15/04/2014,22.89,23.22,22.43,22.9,20.91,8620700
16/04/2014,23.11,23.56,22.95,23.54,21.5,7361800
17/04/2014,23.67,23.7,23.03,23.49,21.45,6264800
21/04/2014,23.54,23.61,23.26,23.59,21.54,4972900
22/04/2014,23.66,24.05,23.63,23.93,21.85,5230700
23/04/2014,24.38,24.39,23.76,24.08,21.99,7798600
24/04/2014,24.33,24.45,23.51,24.27,22.17,8361800
25/04/2014,24.05,24.43,23.85,23.95,21.87,4998500
28/04/2014,24.04,24.18,23.5,23.84,21.77,4885600
29/04/2014,23.89,24.22,23.62,24.19,22.09,4531500
30/04/2014,24.22,24.35,23.96,24.17,22.07,4911300
01/05/2014,24.17,24.63,24.17,24.33,22.22,5751800
02/05/2014,24.38,24.39,23.99,24.18,22.08,6012600
05/05/2014,24.06,24.31,23.88,24.26,22.16,4365900
06/05/2014,24.34,24.39,24.11,24.2,22.1,6246200
07/05/2014,24.28,24.4,23.85,24.2,22.1,5860700
08/05/2014,24.09,24.63,24.09,24.46,22.34,6569700
09/05/2014,24.39,24.44,24.02,24.36,22.25,3995800
12/05/2014,24.46,24.97,24.46,24.94,22.78,4955400
13/05/2014,24.9,25.07,24.73,24.98,22.81,5296000
14/05/2014,24.94,24.97,24.7,24.91,22.75,7214300
15/05/2014,24.86,24.94,24.47,24.76,22.61,5425200
16/05/2014,24.76,24.8,24.41,24.61,22.48,4916500
19/05/2014,24.6,25.21,24.55,25.12,22.94,3911000
20/05/2014,25.09,25.19,24.79,24.95,22.79,3741300
21/05/2014,24.99,25.21,24.95,25.11,22.93,3513600
22/05/2014,25.11,25.35,25.1,25.27,23.08,2918300
23/05/2014,25.35,25.83,25.33,25.79,23.55,4453300
27/05/2014,25.88,25.99,25.76,25.87,23.63,3772000
28/05/2014,25.94,26.53,25.91,26.43,24.14,5545400
29/05/2014,26.45,26.59,26.13,26.44,24.15,4107200
30/05/2014,26.4,26.64,26.36,26.45,24.16,7038300
02/06/2014,26.48,26.78,26.18,26.71,24.45,4973600
03/06/2014,26.75,27.22,26.74,27.2,24.9,8114200
04/06/2014,27.02,27.39,26.92,27.36,25.04,5160800
05/06/2014,27.49,27.65,27.22,27.28,24.97,8612200
06/06/2014,27.32,27.59,27.27,27.59,25.25,4102700
09/06/2014,27.64,27.7,27.23,27.45,25.13,5693000
10/06/2014,27.5,27.51,27.06,27.29,24.98,5622200
11/06/2014,27.04,27.19,26.78,26.94,24.66,9001100
12/06/2014,26.67,26.68,25.47,25.72,23.54,13574700
13/06/2014,25.7,26.44,25.68,26.3,24.07,9711300
16/06/2014,26.2,26.33,25.92,26.1,23.89,6514100
17/06/2014,26.48,26.7,26.28,26.63,24.38,7454400
18/06/2014,26.62,26.73,26.19,26.67,24.41,5877700
19/06/2014,26.77,27.08,26.73,27.08,24.79,6860700
20/06/2014,27.21,27.38,27.12,27.29,24.98,8722800
23/06/2014,27.28,27.37,26.79,26.92,24.64,4500100
24/06/2014,26.9,27.12,26.63,26.64,24.39,4208300
25/06/2014,26.62,27.06,26.44,26.97,24.69,4006500
26/06/2014,27.01,27.1,26.75,27.06,24.77,3241400
27/06/2014,26.99,27.21,26.89,27.14,24.84,9310500
30/06/2014,27.15,27.24,26.79,26.86,24.59,4876100
01/07/2014,27.18,27.83,27.05,27.73,25.38,7240100
02/07/2014,27.47,27.65,27.07,27.47,25.14,7540700
03/07/2014,27.59,27.78,27.55,27.71,25.36,3050500
07/07/2014,27.68,27.71,27.08,27.17,24.87,6375800
08/07/2014,26.88,26.88,25.86,26.7,24.44,12062600
09/07/2014,27.5,27.65,26.84,27.21,24.91,8355100
10/07/2014,27.01,27.44,26.93,27.27,24.96,8868400
11/07/2014,27.34,27.62,27.24,27.44,25.12,4799800
14/07/2014,27.57,27.83,27.46,27.6,25.26,4126800
15/07/2014,27.75,27.99,27.5,27.9,25.54,6970900
16/07/2014,28.03,28.16,27.85,28.03,25.66,4627800
17/07/2014,27.81,28.11,27.31,27.51,25.18,5426600
18/07/2014,27.59,27.99,27.58,27.81,25.46,4957100
21/07/2014,27.79,27.88,27.55,27.66,25.32,4335400
22/07/2014,27.73,28.07,27.73,28.05,25.68,4350800
23/07/2014,28.18,28.97,28.17,28.87,26.43,7096000
24/07/2014,29.25,29.5,28.36,28.68,26.25,10019500
25/07/2014,28.8,29.7,28.75,29.24,26.76,8058000
28/07/2014,29.36,29.38,28.74,29.21,26.74,6243900
29/07/2014,29.31,29.36,28.68,28.71,26.28,5896200
30/07/2014,28.85,29.1,28.68,28.84,26.4,4345100
31/07/2014,28.6,28.73,28.21,28.28,25.89,6354800
01/08/2014,28.21,28.54,27.84,28.43,26.02,5731100
04/08/2014,28.67,28.77,28.1,28.43,26.02,4426900
05/08/2014,28.23,28.5,27.96,28.13,25.75,6221200
06/08/2014,27.87,28.26,27.54,28.12,25.74,4815900
07/08/2014,28.28,28.49,27.87,28.06,25.68,5226500
08/08/2014,27.99,28.3,27.42,28.28,25.89,4343100
11/08/2014,28.48,28.86,28.36,28.64,26.22,3807400
12/08/2014,28.68,28.8,28.47,28.7,26.27,4276300
13/08/2014,28.8,29.37,28.76,29.26,26.78,4041900
14/08/2014,29.33,29.76,29.22,29.75,27.23,5538100
15/08/2014,29.88,29.97,29.34,29.76,27.24,6428600
18/08/2014,30.01,30.85,29.87,30.82,28.21,6437600
19/08/2014,30.89,30.92,30.53,30.75,28.2,4898300
20/08/2014,30.92,31.71,30.88,31.57,28.95,5809500
21/08/2014,31.64,31.73,31.18,31.24,28.65,4598200
22/08/2014,31.32,32.12,31.29,31.87,29.23,6441000
25/08/2014,32.19,32.25,31.82,32.14,29.48,4147600
26/08/2014,32.16,32.25,31.85,31.92,29.28,3939600
27/08/2014,31.97,32.43,31.83,32.23,29.56,4290000
28/08/2014,32.09,32.17,31.9,32.05,29.39,3659500
29/08/2014,32.1,32.14,31.76,32.01,29.36,3444000
02/09/2014,32.08,32.92,32.03,32.91,30.18,6136400
03/09/2014,32.77,32.77,32.25,32.58,29.88,6176500
04/09/2014,32.74,33.14,32.51,32.62,29.92,5551100
05/09/2014,32.64,32.92,32.32,32.83,30.11,3732000
08/09/2014,33.0,33.1,32.77,32.86,30.14,5769400
09/09/2014,32.73,33.44,32.53,32.91,30.18,7970600
10/09/2014,33.2,33.77,32.75,33.62,30.83,8362000
11/09/2014,33.7,33.91,33.27,33.64,30.85,6825900
12/09/2014,33.6,34.35,33.45,33.87,31.06,7037900
15/09/2014,33.99,34.5,33.82,33.86,31.05,8911200
16/09/2014,33.94,34.6,33.54,34.53,31.67,6711800
17/09/2014,34.57,34.7,34.13,34.43,31.58,5563500
18/09/2014,34.64,35.31,34.59,35.23,32.31,6413400
19/09/2014,35.49,35.49,34.56,34.56,31.7,17038600
22/09/2014,34.71,34.82,34.12,34.15,31.32,6692500
23/09/2014,33.93,33.94,33.05,33.26,30.5,10274400
24/09/2014,33.38,34.45,33.37,34.33,31.49,8323600
25/09/2014,34.15,34.19,33.6,33.64,30.85,6814400
26/09/2014,33.79,33.99,33.52,33.91,31.1,4758200
29/09/2014,33.44,33.89,33.35,33.67,30.88,4476400
30/09/2014,33.71,34.28,33.3,33.77,30.97,6780500
01/10/2014,32.97,33.06,32.42,32.55,29.85,10966400
02/10/2014,32.9,33.23,31.58,32.46,29.77,10038900
03/10/2014,32.75,33.53,32.75,33.43,30.66,6322700
06/10/2014,33.5,33.77,32.94,33.04,30.3,5758500
07/10/2014,32.75,32.79,32.22,32.23,29.56,7321100
08/10/2014,32.92,32.96,31.69,32.11,29.45,11969600
09/10/2014,32.29,32.53,31.08,31.32,28.72,12496100
10/10/2014,31.14,31.57,30.3,30.57,28.04,11790100
13/10/2014,30.76,30.76,28.52,28.88,26.49,21586500
14/10/2014,29.37,31.25,28.77,30.0,27.51,16869800
15/10/2014,29.08,30.63,28.4,30.02,27.53,21067900
16/10/2014,28.65,31.28,28.6,30.94,28.38,18366600
17/10/2014,31.32,31.84,30.78,31.05,28.48,12181600
20/10/2014,31.38,33.09,31.38,32.84,30.12,13588700
21/10/2014,33.68,34.75,33.62,34.59,31.72,14342900
22/10/2014,34.93,35.0,34.15,34.2,31.37,12749800
23/10/2014,35.0,35.35,32.41,33.25,30.49,23476100
24/10/2014,33.36,34.25,33.36,33.87,31.06,9844200
27/10/2014,33.85,34.13,33.42,34.05,31.23,8823600
28/10/2014,34.22,34.56,33.72,34.53,31.67,8740800
29/10/2014,34.54,34.57,33.61,34.13,31.3,7411900
30/10/2014,34.35,34.51,33.88,34.13,31.3,6727200
31/10/2014,34.64,34.84,34.28,34.48,31.62,6436600
03/11/2014,34.55,35.32,34.47,35.31,32.38,7229100
04/11/2014,35.51,36.58,35.5,36.43,33.41,11373900
05/11/2014,36.83,36.88,36.16,36.75,33.7,9807200
06/11/2014,36.84,38.16,36.7,37.94,34.8,9823400
07/11/2014,38.01,38.36,37.75,38.24,35.07,9598200
10/11/2014,38.24,39.18,37.97,39.12,35.88,9662700
11/11/2014,39.46,40.06,39.28,39.37,36.11,9180900
12/11/2014,39.08,39.5,38.89,39.37,36.11,6452600
13/11/2014,39.56,39.97,39.19,39.46,36.19,6694000
14/11/2014,39.33,39.45,38.83,38.95,35.72,7353800
17/11/2014,38.93,39.53,38.9,39.07,35.83,6282700
18/11/2014,39.15,39.88,39.06,39.67,36.38,5790200
19/11/2014,39.51,39.78,39.02,39.27,36.02,6455700
20/11/2014,38.98,39.22,38.51,38.87,35.65,5847500
21/11/2014,39.26,39.26,37.77,38.02,34.87,10877900
24/11/2014,38.48,38.78,38.18,38.51,35.32,5688100
25/11/2014,38.5,38.9,38.19,38.51,35.32,9539300
26/11/2014,38.6,39.39,38.6,39.28,36.03,4400800
28/11/2014,41.1,42.42,41.07,41.82,38.35,8358400
01/12/2014,42.24,42.52,40.46,40.5,37.14,10629700
02/12/2014,40.34,41.42,40.27,40.46,37.11,9067600
03/12/2014,40.64,41.16,40.02,41.05,37.65,8186200
04/12/2014,42.15,42.25,41.11,41.39,37.96,10850800
05/12/2014,41.74,41.92,40.99,41.12,37.71,8808000
08/12/2014,41.35,42.43,41.18,42.13,38.64,10080800
09/12/2014,40.86,40.97,39.31,40.73,37.41,11479400
10/12/2014,41.65,42.94,41.36,41.48,38.1,14704200
11/12/2014,42.01,42.42,41.74,41.92,38.5,9610800
12/12/2014,42.44,42.44,41.4,41.41,38.03,10002800
15/12/2014,41.68,42.1,40.72,41.58,38.19,10030500
16/12/2014,41.81,41.85,39.53,39.58,36.35,10786800
17/12/2014,39.58,40.27,38.73,40.12,36.85,12614600
18/12/2014,40.32,40.77,39.74,40.62,37.31,8656600
19/12/2014,40.52,40.91,40.0,40.26,36.98,17525300
22/12/2014,40.22,41.57,40.22,41.26,37.9,7304700
23/12/2014,41.39,41.44,40.57,40.98,37.64,4212000
24/12/2014,41.15,41.92,41.04,41.66,38.26,2657400
26/12/2014,41.71,42.09,41.48,41.91,38.49,3209100
29/12/2014,41.5,42.04,41.21,41.92,38.5,4773800
30/12/2014,41.92,42.43,41.85,42.17,38.73,4188000
31/12/2014,42.5,43.19,42.25,42.32,38.87,4912400
02/01/2015,42.69,43.05,42.2,42.69,39.21,6890400
05/01/2015,42.83,42.9,41.45,41.64,38.24,7877700
06/01/2015,41.9,42.05,39.67,40.46,37.16,10576800
07/01/2015,40.77,41.12,40.38,40.8,37.47,7693100
08/01/2015,41.0,42.09,40.95,41.88,38.46,7301900
09/01/2015,41.88,42.04,40.64,40.79,37.46,7170600
12/01/2015,40.45,40.86,39.72,40.25,36.97,7095900
13/01/2015,40.62,41.76,39.94,40.48,37.18,8366400
14/01/2015,39.72,40.23,38.63,39.44,36.22,8540400
15/01/2015,39.22,39.76,38.75,38.9,35.73,7480200
16/01/2015,38.68,39.57,38.26,39.48,36.26,9110100
20/01/2015,40.24,40.82,39.72,40.79,37.46,10067200
21/01/2015,40.45,41.91,40.17,41.83,38.42,10351900
22/01/2015,43.45,45.7,43.34,45.35,41.65,20870700
23/01/2015,45.45,46.0,44.6,45.78,42.05,11929800
26/01/2015,45.33,46.41,45.21,46.4,42.62,8447600
27/01/2015,45.6,46.41,44.87,45.88,42.14,7747000
28/01/2015,46.62,47.08,45.72,45.8,42.06,9339300
29/01/2015,45.95,47.17,45.5,46.99,43.16,8234100
30/01/2015,46.34,46.78,45.1,45.18,41.5,11999300
02/02/2015,44.94,45.02,42.59,44.53,40.9,13259700
03/02/2015,43.17,43.94,42.54,43.25,39.72,12057300
04/02/2015,43.51,45.07,43.47,44.64,41.0,8900500
05/02/2015,44.31,44.48,43.36,44.47,40.84,7951000
06/02/2015,44.13,44.73,43.72,44.14,40.54,8558400
09/02/2015,43.5,43.69,42.91,43.26,39.73,8643100
10/02/2015,43.72,44.19,43.22,43.78,40.21,5881500
11/02/2015,44.46,44.51,43.21,43.5,39.95,5288900
12/02/2015,43.06,43.52,42.19,43.5,39.95,7304400
13/02/2015,43.11,43.63,42.92,43.3,39.77,6395500
17/02/2015,43.46,43.6,42.55,42.59,39.12,8818100
18/02/2015,42.94,43.68,42.23,43.55,40.0,8271400
19/02/2015,44.92,44.97,43.7,43.76,40.19,7535500
20/02/2015,43.65,44.95,43.4,44.78,41.13,7117200
23/02/2015,45.11,45.49,44.28,44.69,41.05,7303100
24/02/2015,44.38,45.36,44.04,45.35,41.65,6998700
25/02/2015,45.02,45.27,43.98,44.12,40.52,7775000
26/02/2015,44.56,44.63,43.73,44.08,40.49,7835500
27/02/2015,44.16,44.16,43.2,43.24,39.71,4792800
02/03/2015,43.24,44.28,43.24,44.22,40.61,6399900
03/03/2015,43.61,44.42,43.51,43.96,40.43,6263700
04/03/2015,43.79,44.19,43.48,44.01,40.48,5909400
05/03/2015,44.17,44.28,43.71,44.1,40.56,5324600
06/03/2015,43.72,44.05,43.25,43.3,39.82,5322400
09/03/2015,43.3,43.75,43.11,43.4,39.91,4026800
10/03/2015,43.19,43.32,42.56,42.94,39.49,5667600
11/03/2015,43.25,44.04,43.19,43.84,40.32,6755000
12/03/2015,43.91,45.04,43.8,44.97,41.36,5761600
13/03/2015,45.13,45.64,44.26,44.51,40.94,6039200
16/03/2015,45.29,45.65,45.02,45.5,41.85,6905700
17/03/2015,45.72,46.41,45.41,46.21,42.5,7802600
18/03/2015,46.45,46.45,45.18,45.74,42.07,6161300
19/03/2015,46.07,46.45,45.93,46.35,42.63,5911200
20/03/2015,46.27,46.5,46.02,46.36,42.64,8847300
23/03/2015,46.41,46.41,45.37,45.44,41.79,6260400
24/03/2015,45.12,45.44,44.75,44.92,41.31,4884300
25/03/2015,44.84,44.97,43.64,43.72,40.21,6751700
26/03/2015,42.84,43.5,42.21,43.18,39.71,7537500
27/03/2015,43.48,44.34,43.32,44.24,40.69,5757800
30/03/2015,44.65,44.79,44.25,44.58,41.0,4336100
31/03/2015,44.62,44.62,43.88,44.3,40.74,4602700
01/04/2015,44.07,44.09,43.23,43.45,39.96,6896400
02/04/2015,43.62,43.82,42.69,42.86,39.42,8655600
06/04/2015,41.77,41.9,41.05,41.09,37.79,11386600
07/04/2015,41.24,41.92,41.23,41.34,38.02,7699500
08/04/2015,41.49,42.87,41.33,42.85,39.41,6562200
09/04/2015,42.92,43.21,42.17,42.82,39.38,7122700
10/04/2015,42.8,43.29,42.7,42.82,39.38,4541300
13/04/2015,42.52,43.73,42.5,42.76,39.33,5134700
14/04/2015,42.63,42.84,42.32,42.5,39.09,4236100
15/04/2015,43.6,43.64,41.85,41.87,38.51,8130300
16/04/2015,42.11,42.73,41.8,42.25,38.86,7080200
17/04/2015,41.84,42.4,41.79,41.79,38.43,6787500
20/04/2015,42.23,42.6,41.73,42.57,39.15,5606900
21/04/2015,42.71,43.14,42.44,43.03,39.57,4417200
22/04/2015,43.02,43.15,42.62,42.85,39.41,5756200
23/04/2015,43.35,44.19,43.18,43.26,39.79,9045300
24/04/2015,43.3,43.67,42.82,43.49,40.0,6348900
27/04/2015,43.44,43.48,42.25,42.29,38.89,5231600
28/04/2015,42.14,42.45,41.34,41.89,38.53,5913300
29/04/2015,41.65,41.81,40.1,40.95,37.66,7815200
30/04/2015,40.56,41.48,40.38,40.56,37.3,6492100
01/05/2015,40.83,42.7,40.83,42.6,39.18,7753100
04/05/2015,42.57,42.72,41.75,41.83,38.47,5539200
05/05/2015,41.12,41.51,40.49,40.53,37.28,6285900
06/05/2015,40.36,41.22,39.72,40.88,37.6,6719600
07/05/2015,41.11,42.18,41.11,42.1,38.72,6493200
08/05/2015,42.63,43.45,42.58,43.23,39.76,7417500
11/05/2015,42.95,43.29,42.72,43.02,39.57,5081900
12/05/2015,42.64,42.64,42.0,42.25,38.86,4428400
13/05/2015,42.59,42.95,41.16,41.27,37.96,8717300
14/05/2015,41.54,42.25,41.39,42.12,38.74,5154200
15/05/2015,42.33,42.48,41.8,41.89,38.53,4706400
18/05/2015,41.93,42.26,41.68,42.14,38.76,4147000
19/05/2015,42.3,42.4,40.85,40.91,37.62,9519600
20/05/2015,40.45,40.47,37.15,37.19,34.2,30351200
21/05/2015,37.46,37.8,37.05,37.23,34.24,14993600
22/05/2015,37.32,37.53,36.61,36.86,33.9,11237900
26/05/2015,37.19,37.19,35.54,36.0,33.11,16384700
27/05/2015,36.13,36.99,36.11,36.99,34.02,12013300
28/05/2015,36.9,36.96,36.37,36.81,33.85,9324900
29/05/2015,36.75,37.31,36.42,37.05,34.07,9649000
01/06/2015,37.11,38.25,36.56,37.85,34.88,16136400
02/06/2015,37.3,38.3,37.19,37.82,34.85,12634700
03/06/2015,37.85,38.15,37.47,37.72,34.76,6945500
04/06/2015,37.56,38.2,37.1,37.32,34.39,9341600
05/06/2015,37.28,37.48,36.87,37.17,34.25,7162200
08/06/2015,36.89,37.09,35.8,36.11,33.28,11017700
09/06/2015,35.17,35.22,33.82,34.59,31.88,33278400
10/06/2015,34.42,35.12,34.33,34.45,31.75,17768400
11/06/2015,34.76,35.1,34.51,34.7,31.98,8612200
12/06/2015,34.54,35.29,34.36,35.0,32.25,9808000
15/06/2015,34.71,34.75,34.12,34.19,31.51,10169300
16/06/2015,34.18,34.39,33.56,33.91,31.25,8300600
17/06/2015,33.82,34.2,33.53,33.84,31.19,7515400
18/06/2015,33.04,33.91,33.02,33.86,31.2,11884700
19/06/2015,33.92,34.32,33.7,34.22,31.54,14482800
22/06/2015,34.71,35.01,34.6,34.79,32.06,7638800
23/06/2015,34.81,35.03,34.49,34.58,31.87,8032700
24/06/2015,34.53,34.68,34.18,34.35,31.66,7059900
25/06/2015,34.55,35.02,34.45,34.49,31.78,5939300
26/06/2015,34.6,34.85,34.28,34.32,31.63,7406100
29/06/2015,33.72,34.22,33.16,33.18,30.58,6423600
30/06/2015,33.56,33.75,33.09,33.09,30.49,10601600
01/07/2015,33.86,33.97,31.36,32.62,30.06,17940200
02/07/2015,32.74,33.03,32.25,32.51,29.96,9447000
06/07/2015,32.47,33.16,32.39,33.03,30.44,9842600
07/07/2015,33.29,33.62,32.68,33.41,30.79,8259600
08/07/2015,32.96,33.09,32.31,32.36,29.82,6700600
09/07/2015,32.79,32.89,32.46,32.52,29.97,8008900
10/07/2015,33.16,34.02,33.13,33.83,31.18,9102800
13/07/2015,34.87,34.9,33.88,33.93,31.27,9942500
14/07/2015,33.69,34.06,33.23,33.86,31.2,7441200
15/07/2015,33.51,34.2,33.27,33.92,31.26,8498000
16/07/2015,34.13,34.82,33.84,34.57,31.86,8272600
17/07/2015,34.58,35.21,34.42,34.76,32.03,8699100
20/07/2015,34.9,34.95,34.25,34.31,31.62,4810900
21/07/2015,34.31,34.73,34.22,34.71,31.99,6094500
22/07/2015,34.69,35.2,34.52,35.12,32.37,7572800
23/07/2015,37.59,38.7,36.28,36.48,33.62,15720500
24/07/2015,36.87,36.87,34.94,35.0,32.25,10687700
27/07/2015,34.82,35.31,34.33,35.09,32.34,8717600
28/07/2015,35.34,36.22,35.06,36.06,33.23,9830200
29/07/2015,36.04,36.17,35.2,35.52,32.73,5287100
30/07/2015,35.9,36.54,35.82,36.31,33.46,9055700
31/07/2015,36.46,36.51,35.86,36.2,33.36,5307700
03/08/2015,36.66,37.84,36.54,37.53,34.59,9904600
04/08/2015,37.83,38.37,37.48,37.93,34.95,9204200
05/08/2015,38.03,38.16,37.67,37.89,34.92,7188700
06/08/2015,37.99,38.5,37.43,37.81,34.84,7093800
07/08/2015,37.63,38.25,37.28,37.58,34.63,7381900
10/08/2015,37.95,38.49,37.7,37.79,34.83,6916300
11/08/2015,37.63,38.89,37.63,38.36,35.35,9349000
12/08/2015,37.97,38.86,36.84,38.68,35.65,8952600
13/08/2015,38.92,39.27,38.33,38.97,35.91,7180100
14/08/2015,38.9,39.41,38.71,39.36,36.27,5717400
17/08/2015,39.3,40.7,39.07,40.45,37.28,9333100
18/08/2015,40.65,40.87,39.97,40.19,37.11,6829700
19/08/2015,39.9,40.85,39.77,40.45,37.35,8804500
20/08/2015,39.8,40.15,38.94,39.06,36.06,8659100
21/08/2015,38.62,39.04,37.82,37.91,35.0,14474900
24/08/2015,35.19,38.18,32.94,37.21,34.35,11954100
25/08/2015,38.34,38.34,36.52,36.52,33.72,9192200
26/08/2015,37.55,37.62,35.89,37.39,34.52,15118800
27/08/2015,37.78,38.09,36.58,37.31,34.45,10535700
28/08/2015,37.37,37.73,36.8,37.1,34.25,6960800
31/08/2015,37.07,37.6,36.57,36.7,33.88,7051800
01/09/2015,36.17,36.78,36.0,36.36,33.57,8753100
02/09/2015,36.93,37.73,36.69,37.72,34.83,10401700
03/09/2015,37.9,38.17,37.32,37.43,34.56,6203300
04/09/2015,36.85,37.72,36.74,37.23,34.37,5651100
08/09/2015,37.78,38.32,37.68,38.11,35.19,6164900
09/09/2015,38.44,38.93,37.74,38.3,35.36,7344800
10/09/2015,38.4,38.99,38.18,38.36,35.42,5762700
11/09/2015,38.18,38.77,38.1,38.54,35.58,7218500
14/09/2015,38.53,39.05,38.46,38.87,35.89,5460100
15/09/2015,38.98,39.12,38.51,38.9,35.92,5932500
16/09/2015,38.76,39.46,38.5,39.14,36.14,6382400
17/09/2015,39.3,40.0,39.2,39.49,36.46,5507100
18/09/2015,39.35,39.78,38.83,39.47,36.44,9841400
21/09/2015,39.49,39.87,39.07,39.38,36.36,6247800
22/09/2015,39.01,39.24,38.07,38.24,35.31,6978100
23/09/2015,38.42,38.75,38.1,38.58,35.62,4772600
24/09/2015,38.16,38.49,37.75,38.17,35.24,5263000
25/09/2015,38.5,38.63,37.83,38.09,35.17,5326500
28/09/2015,37.81,38.14,36.95,37.45,34.58,8383400
29/09/2015,37.45,37.97,37.13,37.68,34.79,5620800
30/09/2015,38.11,38.45,37.45,38.04,35.12,7232500
01/10/2015,37.82,38.46,37.56,38.41,35.46,6147600
02/10/2015,37.94,38.39,37.0,38.38,35.44,7016100
05/10/2015,38.65,39.46,38.5,39.3,36.28,5962500
06/10/2015,39.26,39.42,37.92,38.0,35.08,8334400
07/10/2015,38.05,38.82,37.57,38.71,35.74,7279800
08/10/2015,38.69,38.98,38.2,38.76,35.79,7034300
09/10/2015,39.04,40.36,38.8,39.94,36.88,11332200
12/10/2015,39.88,41.23,39.88,41.22,38.06,7448100
13/10/2015,40.82,41.35,40.57,40.82,37.69,7619800
14/10/2015,41.18,41.49,40.51,40.84,37.71,5741000
15/10/2015,40.97,41.41,40.59,41.24,38.08,5678500
16/10/2015,40.89,41.19,40.11,40.56,37.45,8188800
19/10/2015,40.56,41.45,40.52,41.41,38.23,5506400
20/10/2015,41.19,41.94,41.13,41.38,38.21,5711800
21/10/2015,41.4,41.93,40.88,41.04,37.89,5125100
22/10/2015,42.52,44.15,42.36,44.08,40.7,15268600
23/10/2015,44.3,45.4,44.28,45.23,41.76,12390500
26/10/2015,45.08,45.91,44.91,45.77,42.26,6306800
27/10/2015,45.75,46.11,44.75,45.47,41.98,7400800
28/10/2015,45.5,45.78,44.92,45.41,41.93,5990400
29/10/2015,45.24,45.89,45.1,45.82,42.3,4233600
30/10/2015,45.77,46.95,45.67,46.29,42.74,8039700
02/11/2015,46.47,46.94,46.37,46.74,43.15,4962700
03/11/2015,47.0,47.15,46.41,46.96,43.36,5616300
04/11/2015,46.87,46.97,46.35,46.64,43.06,5384200
05/11/2015,46.66,46.9,46.31,46.67,43.09,4794300
06/11/2015,46.72,47.32,46.52,46.85,43.26,4858500
09/11/2015,46.72,46.91,45.94,46.37,42.81,4073600
10/11/2015,46.3,46.59,45.62,46.46,42.9,5147400
11/11/2015,46.76,47.24,46.52,46.72,43.14,3835100
12/11/2015,46.58,47.19,46.52,46.69,43.11,4391400
13/11/2015,46.55,46.81,45.66,45.89,42.37,5348000
16/11/2015,45.26,45.78,44.68,45.74,42.23,5772700
17/11/2015,46.0,46.66,45.77,45.93,42.41,4877500
18/11/2015,45.93,46.42,45.1,46.31,42.76,5641200
19/11/2015,46.57,47.15,46.5,46.87,43.27,4140700
20/11/2015,47.0,47.4,46.91,47.32,43.69,6133900
23/11/2015,47.45,47.76,46.93,47.47,43.83,4011200
24/11/2015,46.41,46.65,45.41,46.23,42.68,7939000
25/11/2015,46.42,46.6,45.7,45.88,42.36,3824600
27/11/2015,45.99,46.29,45.6,45.82,42.3,4423300
30/11/2015,45.9,46.0,45.4,45.88,42.36,4812600
01/12/2015,46.0,47.08,45.9,47.04,43.43,5365600
02/12/2015,47.74,48.49,47.26,47.51,43.86,5450200
03/12/2015,47.52,47.93,46.69,47.29,43.66,7639800
04/12/2015,47.7,49.45,47.68,49.41,45.62,8516300
07/12/2015,49.88,51.34,49.41,49.58,45.78,8786000
08/12/2015,47.6,47.6,44.2,45.04,41.65,20004600
09/12/2015,45.14,45.88,43.85,44.5,41.15,9673200
10/12/2015,44.83,45.86,44.56,45.25,41.84,9665200
11/12/2015,44.55,44.57,43.22,43.42,40.15,6601700
14/12/2015,43.65,44.0,42.66,43.77,40.47,6437400
15/12/2015,44.29,44.74,43.81,44.22,40.89,5534500
16/12/2015,44.4,45.11,43.9,44.8,41.43,4628600
17/12/2015,44.85,45.22,43.49,43.51,40.23,5083100
18/12/2015,43.24,43.83,42.67,42.74,39.52,8605900
21/12/2015,43.24,43.64,43.0,43.37,40.1,4934600
22/12/2015,43.56,43.68,43.03,43.54,40.26,3756900
23/12/2015,43.55,43.63,42.92,43.44,40.17,4838800
24/12/2015,43.5,44.44,43.5,43.9,40.59,1963000
28/12/2015,43.93,44.41,43.29,43.82,40.52,2243600
29/12/2015,43.95,44.42,43.82,44.34,41.0,2722400
30/12/2015,44.35,44.42,43.32,43.35,40.08,2630600
31/12/2015,43.18,43.3,42.75,43.06,39.82,3826000
04/01/2016,41.7,42.19,41.18,41.96,38.8,5916400
05/01/2016,42.4,43.08,41.43,42.46,39.26,9364100
06/01/2016,41.97,43.5,41.8,42.85,39.62,6236500
07/01/2016,42.95,43.15,41.56,41.95,38.79,8545600
08/01/2016,42.41,43.06,42.11,42.21,39.03,7459400
11/01/2016,42.3,42.88,41.25,42.04,38.87,6116900
12/01/2016,42.51,42.77,41.33,42.68,39.46,5999600
13/01/2016,42.91,42.98,40.09,40.4,37.36,6135200
14/01/2016,40.31,40.96,39.26,40.47,37.42,8147500
15/01/2016,39.29,40.16,38.84,39.77,36.77,8234900
19/01/2016,40.67,40.74,39.13,39.6,36.62,7221800
20/01/2016,39.13,40.25,37.14,39.3,36.34,12197100
21/01/2016,39.99,41.5,38.94,39.5,36.52,12315100
22/01/2016,40.0,40.1,38.85,39.0,36.06,7001700
25/01/2016,39.35,39.38,38.13,38.2,35.32,9441200
26/01/2016,38.24,38.49,37.77,38.37,35.48,6382500
27/01/2016,38.62,39.0,36.88,37.29,34.48,8898800
28/01/2016,37.48,37.94,35.71,36.19,33.46,8873100
29/01/2016,36.17,37.67,35.51,37.62,34.79,9554500
01/02/2016,37.62,38.59,37.39,38.31,35.42,6945600
02/02/2016,38.02,38.12,36.25,36.47,33.72,6553700
03/02/2016,36.85,37.1,35.64,36.84,34.06,7973200
04/02/2016,36.44,37.7,36.44,37.55,34.72,6586100
05/02/2016,37.27,37.6,35.51,35.69,33.0,8158700
08/02/2016,35.13,35.13,33.96,34.72,32.1,9555300
09/02/2016,34.38,35.78,34.3,35.25,32.59,7609800
10/02/2016,35.67,36.08,35.24,35.54,32.86,6111300
11/02/2016,34.97,35.76,34.78,35.34,32.68,6482700
12/02/2016,35.8,36.25,35.09,36.24,33.51,6614700
16/02/2016,36.6,37.18,36.34,37.08,34.29,6806000
17/02/2016,37.47,38.69,37.46,38.51,35.61,7571900
18/02/2016,38.65,39.1,38.4,39.0,36.06,6785500
19/02/2016,38.91,39.46,38.57,39.31,36.35,5546700
22/02/2016,39.56,41.0,39.56,40.82,37.75,11400900
23/02/2016,40.7,41.23,40.4,41.08,37.99,5763200
24/02/2016,40.56,41.4,39.98,41.36,38.24,7752200
25/02/2016,41.6,42.6,41.48,42.59,39.38,7927000
26/02/2016,42.75,42.86,41.93,42.17,38.99,6802600
29/02/2016,41.93,42.51,41.62,41.95,38.79,7509200
01/03/2016,42.22,42.79,42.07,42.5,39.37,6066400
02/03/2016,42.43,42.49,41.57,41.94,38.85,6660400
03/03/2016,42.0,42.13,41.41,42.03,38.93,6112700
04/03/2016,42.16,42.24,41.19,41.5,38.44,6915500
07/03/2016,41.13,41.84,40.71,41.48,38.42,6800300
08/03/2016,40.64,42.03,39.99,41.59,38.53,8532400
09/03/2016,41.71,42.41,41.31,42.32,39.2,6965700
10/03/2016,42.39,42.57,41.67,42.26,39.15,5091000
11/03/2016,42.53,43.46,42.4,43.33,40.14,6661300
14/03/2016,43.17,44.03,43.1,43.82,40.59,6078600
15/03/2016,43.53,43.8,43.16,43.62,40.41,5880400
16/03/2016,43.49,44.29,43.31,44.15,40.9,4799000
17/03/2016,44.08,44.2,43.5,43.6,40.39,6128600
18/03/2016,43.6,44.58,43.43,44.5,41.22,9757300
21/03/2016,44.5,45.39,44.49,44.99,41.68,6202400
22/03/2016,44.53,45.05,44.35,44.61,41.32,6300700
23/03/2016,44.72,44.93,44.17,44.43,41.16,4374200
24/03/2016,44.35,44.35,43.27,44.06,40.81,5960700
28/03/2016,44.08,44.42,43.56,43.81,40.58,5457800
29/03/2016,44.0,44.65,43.94,44.64,41.35,4935800
30/03/2016,44.92,45.34,44.77,44.98,41.67,4791500
31/03/2016,44.97,45.37,44.78,44.8,41.5,5195700
01/04/2016,44.4,44.64,43.61,44.56,41.28,6223500
04/04/2016,44.76,45.11,44.0,44.11,40.86,5219200
05/04/2016,43.81,44.16,43.53,43.63,40.42,4979200
06/04/2016,43.65,43.86,43.09,43.67,40.45,4079600
07/04/2016,43.63,44.44,43.31,43.65,40.43,5923800
08/04/2016,43.9,44.65,43.66,44.5,41.22,4785600
11/04/2016,44.75,45.61,44.36,44.37,41.1,6456300
12/04/2016,44.38,44.95,44.23,44.65,41.36,4340300
13/04/2016,45.07,45.99,44.76,45.84,42.46,7720100
14/04/2016,46.24,47.01,46.03,46.71,43.27,7506300
15/04/2016,47.15,47.18,46.41,47.04,43.57,5810900
18/04/2016,47.45,47.45,46.76,47.1,43.63,4281400
19/04/2016,47.11,47.5,46.77,47.13,43.66,5073600
20/04/2016,47.32,47.5,47.01,47.05,43.58,6669400
21/04/2016,48.0,48.0,46.27,47.73,44.21,9872900
22/04/2016,46.28,47.78,46.16,47.25,43.77,9581200
25/04/2016,47.3,47.65,46.77,46.85,43.4,4259100
26/04/2016,47.09,47.5,45.91,46.18,42.78,6373500
27/04/2016,46.18,46.87,45.45,45.57,42.21,8295400
28/04/2016,45.48,45.74,43.95,44.06,40.81,8448700
29/04/2016,44.11,44.64,43.46,44.61,41.32,11026500
02/05/2016,44.63,45.0,43.93,44.01,40.77,5482800
03/05/2016,44.23,44.28,42.94,43.14,39.96,6220500
04/05/2016,42.8,42.81,41.39,41.66,38.59,7609600
05/05/2016,41.76,42.14,41.39,41.53,38.47,5969100
06/05/2016,41.47,41.94,40.74,41.73,38.66,6550400
09/05/2016,41.79,42.57,41.75,42.19,39.08,5495900
10/05/2016,42.28,42.91,42.1,42.85,39.69,5264400
11/05/2016,42.7,43.61,42.08,42.11,39.01,7124800
12/05/2016,42.25,42.37,40.85,41.22,38.18,5669900
13/05/2016,41.43,42.24,41.31,41.56,38.5,5486300
16/05/2016,41.61,42.37,41.32,42.23,39.12,6059300
17/05/2016,42.05,42.95,42.0,42.2,39.09,5162100
18/05/2016,42.01,43.24,41.92,42.9,39.74,6035600
19/05/2016,42.75,42.96,41.5,42.17,39.06,5693700
20/05/2016,42.34,42.99,42.08,42.19,39.08,4195000
23/05/2016,42.19,42.56,42.12,42.21,39.1,3850100
24/05/2016,42.3,43.0,42.18,42.8,39.65,3513800
25/05/2016,42.82,43.29,42.42,42.53,39.4,4441000
26/05/2016,42.57,42.69,41.57,41.79,38.71,5019900
27/05/2016,41.82,42.39,41.82,42.33,39.21,3315900
31/05/2016,42.35,42.54,42.04,42.48,39.35,4878500
01/06/2016,42.48,42.65,42.09,42.54,39.41,4083100
02/06/2016,42.32,42.62,42.03,42.17,39.06,4390900
03/06/2016,41.91,41.97,41.11,41.69,38.62,5081800
06/06/2016,41.5,41.86,41.21,41.77,38.79,3516500
07/06/2016,41.71,43.46,41.57,43.07,39.99,6401500
08/06/2016,43.27,43.9,43.05,43.5,40.39,6527000
09/06/2016,43.46,44.33,43.35,44.19,41.03,5605200
10/06/2016,43.91,44.05,43.23,43.63,40.51,4661100
13/06/2016,43.22,43.49,41.91,42.16,39.15,6586700
14/06/2016,41.95,42.22,39.6,39.88,37.03,15154200
15/06/2016,40.25,40.67,39.76,39.94,37.09,7023400
16/06/2016,39.45,40.09,39.18,39.78,36.94,6621500
17/06/2016,39.6,40.18,39.58,39.74,36.9,5633700
20/06/2016,40.05,40.48,39.9,40.02,37.16,4190600
21/06/2016,40.47,40.88,39.98,40.52,37.63,6376300
22/06/2016,40.52,40.72,40.0,40.26,37.38,4816700
23/06/2016,40.72,40.75,38.2,39.59,36.76,16781900
24/06/2016,37.88,39.24,37.74,38.31,35.57,19699900
27/06/2016,37.98,38.01,36.48,36.76,34.13,12934600
28/06/2016,37.72,37.83,36.75,37.43,34.76,8281900
29/06/2016,38.2,39.16,37.76,38.89,36.11,8616200
30/06/2016,38.96,39.21,38.54,39.21,36.41,5333300
01/07/2016,39.26,39.77,39.21,39.6,36.77,6490500
05/07/2016,39.74,39.75,38.66,39.21,36.41,5302400
06/07/2016,38.68,39.16,38.15,39.13,36.33,5409500
07/07/2016,39.0,39.95,39.0,39.85,37.0,3774300
08/07/2016,40.06,40.91,40.05,40.54,37.64,4747700
11/07/2016,40.94,41.34,40.81,41.04,38.11,5849200
12/07/2016,41.64,45.0,41.63,42.84,39.78,8662000
13/07/2016,43.22,43.3,42.16,42.4,39.37,6268000
14/07/2016,42.87,43.34,42.43,43.17,40.09,6168700
15/07/2016,43.12,43.57,42.7,43.16,40.08,5868500
18/07/2016,43.29,43.56,43.12,43.18,40.09,4805700
19/07/2016,42.88,43.17,42.57,42.72,39.67,5526300
20/07/2016,43.02,43.03,41.94,42.03,39.03,8225100
21/07/2016,39.08,39.27,37.22,37.32,34.65,33749100
22/07/2016,37.91,38.05,37.01,37.83,35.13,18313200
25/07/2016,37.84,38.0,37.02,37.36,34.69,11389000
26/07/2016,37.81,38.3,37.51,38.28,35.55,10525600
27/07/2016,37.59,37.79,37.2,37.48,34.8,8619800
28/07/2016,37.47,37.64,37.14,37.47,34.79,6339300
29/07/2016,37.49,37.88,37.01,37.01,34.37,6760800
01/08/2016,37.16,37.37,36.65,37.04,34.39,6787800
02/08/2016,36.85,36.94,35.42,35.54,33.0,9579900
03/08/2016,35.5,36.0,35.43,35.88,33.32,6992300
04/08/2016,36.21,36.81,36.09,36.42,33.82,7366200
05/08/2016,36.8,37.87,36.77,37.85,35.15,9160400
08/08/2016,37.77,38.03,37.27,37.45,34.77,5918400
09/08/2016,37.75,37.95,37.3,37.46,34.78,4827300
10/08/2016,37.18,37.35,36.6,36.99,34.35,6507100
11/08/2016,36.96,37.53,36.8,37.24,34.58,5974600
12/08/2016,37.07,37.21,36.42,36.52,33.91,7717800
15/08/2016,36.5,36.95,36.33,36.88,34.25,5617800
16/08/2016,36.7,36.79,36.41,36.52,34.0,5773000
17/08/2016,36.55,36.95,36.48,36.85,34.31,5891900
18/08/2016,36.85,36.9,36.52,36.84,34.3,4370500
19/08/2016,36.71,36.8,36.3,36.35,33.84,7517200
22/08/2016,36.34,36.54,36.13,36.28,33.78,4829500
23/08/2016,36.46,36.8,36.45,36.69,34.16,4566400
24/08/2016,36.6,36.84,36.42,36.66,34.13,4473300
25/08/2016,36.55,36.85,36.43,36.69,34.16,3334900
26/08/2016,36.73,36.77,36.05,36.27,33.77,5245500
29/08/2016,36.41,36.54,36.32,36.45,33.94,4108700
30/08/2016,36.45,37.34,36.37,37.18,34.62,6007300
31/08/2016,37.2,37.62,36.4,36.88,34.34,8148200
01/09/2016,36.88,37.25,36.41,36.59,34.07,4781400
02/09/2016,36.57,37.01,36.52,36.89,34.35,4456000
06/09/2016,36.89,37.07,36.56,36.95,34.4,6383300
07/09/2016,37.32,38.84,37.28,38.68,36.01,11627700
08/09/2016,38.54,39.06,38.43,38.76,36.09,7353400
09/09/2016,38.68,38.69,37.18,37.34,34.77,9013300
12/09/2016,36.94,37.93,36.64,37.82,35.21,5192900
13/09/2016,37.73,38.09,37.01,37.14,34.58,6749000
14/09/2016,37.14,37.41,36.65,36.84,34.3,5071700
15/09/2016,36.81,37.12,36.45,36.99,34.44,4405400
16/09/2016,36.9,36.9,36.51,36.59,34.07,6268400
19/09/2016,36.71,37.18,36.59,36.7,34.17,5395200
20/09/2016,36.79,37.2,36.63,36.82,34.28,3312000
21/09/2016,36.8,37.06,36.31,36.91,34.37,4971100
22/09/2016,37.09,37.67,36.92,37.33,34.76,6559600
23/09/2016,37.25,37.39,36.77,37.24,34.67,4628200
26/09/2016,36.97,37.16,36.61,36.87,34.33,5718700
27/09/2016,36.78,38.57,36.78,38.54,35.88,10038200
28/09/2016,38.53,38.95,37.95,38.07,35.45,7121100
29/09/2016,38.02,38.54,37.95,38.15,35.52,5535000
30/09/2016,38.27,39.18,38.03,38.89,36.21,9364400
03/10/2016,38.85,39.74,38.7,39.74,37.0,8643600
04/10/2016,40.32,40.49,39.09,39.16,36.46,10682200
05/10/2016,39.02,39.42,38.83,39.1,36.41,4221600
06/10/2016,39.05,39.32,38.69,39.17,36.47,4816400
07/10/2016,39.14,39.2,38.18,38.47,35.82,6932900
10/10/2016,38.5,39.95,38.46,39.77,37.03,7815100
11/10/2016,40.03,40.33,39.51,39.79,37.05,9126600
12/10/2016,40.15,40.38,39.73,40.01,37.25,6634800
13/10/2016,39.68,41.62,39.13,41.38,38.53,11107200
14/10/2016,41.6,42.41,41.11,41.32,38.47,7296800
17/10/2016,41.4,42.2,41.16,41.24,38.4,5509900
18/10/2016,41.56,41.99,41.19,41.68,38.81,8755600
19/10/2016,41.74,42.4,41.57,42.25,39.34,6335000
20/10/2016,42.15,42.47,41.76,42.29,39.38,7813300
21/10/2016,41.91,42.46,41.75,42.43,39.51,5448000
24/10/2016,42.52,42.93,42.2,42.33,39.41,5311400
25/10/2016,42.15,42.73,41.71,41.95,39.06,11101800
26/10/2016,41.95,41.95,36.91,38.4,35.75,43824900
27/10/2016,38.5,39.58,37.65,39.24,36.54,22002700
28/10/2016,39.29,39.84,38.95,39.18,36.48,10321200
31/10/2016,39.49,40.47,39.15,40.05,37.29,8148800
01/11/2016,39.98,40.42,39.33,39.68,36.95,8004600
02/11/2016,39.57,40.1,39.43,39.61,36.88,6691500
03/11/2016,39.82,40.39,39.51,39.7,36.96,5187600
04/11/2016,39.69,40.93,39.56,40.38,37.6,7294000
07/11/2016,41.0,41.57,40.71,41.57,38.7,7740800
08/11/2016,41.57,42.0,41.22,41.93,39.04,8784000
09/11/2016,40.8,42.46,40.75,42.37,39.45,8472600
10/11/2016,42.64,43.85,42.58,43.64,40.63,10325700
11/11/2016,43.5,43.85,42.99,43.84,40.82,7906600
14/11/2016,43.9,45.45,43.88,45.35,42.22,11144700
15/11/2016,46.55,47.3,45.68,46.25,43.06,9921400
16/11/2016,46.04,46.34,45.45,45.85,42.69,6502600
17/11/2016,45.69,46.74,45.35,46.69,43.47,5915500
18/11/2016,46.91,47.25,46.68,47.06,43.82,6783000
21/11/2016,47.08,47.68,46.98,47.36,44.1,6760700
22/11/2016,47.69,47.99,46.75,47.1,43.85,7401300
23/11/2016,46.99,47.46,46.13,47.37,44.11,5316200
25/11/2016,47.31,47.91,47.23,47.45,44.18,2499100
28/11/2016,47.41,47.77,47.15,47.52,44.24,4230900
29/11/2016,47.56,47.83,47.21,47.24,43.98,4453400
30/11/2016,46.1,47.33,44.7,46.61,43.4,6640900
01/12/2016,46.36,47.44,46.19,47.07,43.83,5594800
02/12/2016,47.37,48.24,47.3,47.91,44.61,4843600
05/12/2016,48.08,48.46,47.04,47.07,43.83,4734200
06/12/2016,47.39,47.9,47.16,47.68,44.49,4573200
07/12/2016,47.71,49.88,47.4,49.85,46.51,7738800
08/12/2016,49.98,49.98,49.24,49.6,46.28,6643200
09/12/2016,49.89,50.68,49.22,49.79,46.46,6700900
12/12/2016,49.36,49.69,48.92,49.37,46.07,8801300
13/12/2016,49.47,50.43,49.45,49.55,46.23,6603700
14/12/2016,49.5,50.0,48.9,49.28,45.98,5920400
15/12/2016,49.43,51.31,49.4,50.59,47.2,9147800
16/12/2016,50.74,51.13,49.89,49.93,46.59,7649800
19/12/2016,50.26,50.53,49.72,50.35,46.98,3438400
20/12/2016,50.55,51.19,50.41,50.89,47.48,3700800
21/12/2016,50.77,51.08,50.52,50.65,47.26,3954100
22/12/2016,50.72,51.03,50.08,50.25,46.89,2508800
23/12/2016,50.36,50.72,50.19,50.45,47.07,1616700
27/12/2016,50.46,50.78,50.26,50.49,47.11,1874200
28/12/2016,50.53,50.96,50.07,50.17,46.81,3185800
29/12/2016,50.19,50.62,49.96,50.2,46.84,2167300
30/12/2016,50.19,50.37,49.53,49.84,46.5,3257200
03/01/2017,50.4,51.16,49.81,49.98,46.63,4210300
04/01/2017,50.25,51.42,50.15,51.3,47.87,4914400
05/01/2017,51.44,52.12,50.12,50.47,47.09,7131500
06/01/2017,50.49,50.65,49.45,49.93,46.59,5691900
09/01/2017,50.0,50.93,49.8,50.3,46.93,4966600
10/01/2017,50.55,51.89,50.53,51.34,47.9,5569300
11/01/2017,51.77,52.2,51.47,51.68,48.22,5941600
12/01/2017,51.68,51.95,50.26,51.01,47.6,6059800
13/01/2017,51.0,51.34,50.78,51.15,47.73,2611300
17/01/2017,50.88,51.34,50.22,50.24,46.88,4219700
18/01/2017,50.07,50.66,49.7,50.38,47.01,5897000
19/01/2017,50.45,50.75,49.85,50.07,46.72,4237900
20/01/2017,50.14,51.17,50.14,51.09,47.67,5196500
23/01/2017,51.03,51.14,49.77,49.94,46.6,4222200
24/01/2017,50.12,50.24,49.58,49.65,46.33,6152400
25/01/2017,49.09,49.95,48.71,49.46,46.15,8380800
26/01/2017,51.4,53.99,51.14,53.92,50.31,15952600
27/01/2017,54.08,54.18,52.38,52.7,49.17,7687000
30/01/2017,52.13,52.4,51.17,52.35,48.85,8057600
31/01/2017,52.06,52.4,51.51,52.31,48.81,6604000
01/02/2017,52.55,53.27,52.44,52.73,49.2,4953400
02/02/2017,52.27,53.31,52.18,52.86,49.32,4563700
03/02/2017,53.0,53.58,52.6,52.88,49.34,3631600
06/02/2017,53.17,53.38,52.9,53.07,49.52,3335000
07/02/2017,53.35,53.88,52.91,53.04,49.49,5231000
08/02/2017,53.2,53.49,52.36,52.92,49.38,4076800
09/02/2017,52.92,54.67,52.9,54.52,50.87,7692200
10/02/2017,54.77,54.87,54.37,54.71,51.05,3194400
13/02/2017,54.84,56.31,54.84,55.73,52.0,5412800
14/02/2017,55.73,55.74,54.92,55.31,51.61,4945100
15/02/2017,56.91,58.06,55.8,57.29,53.46,9908500
16/02/2017,57.4,57.4,56.06,56.34,52.57,5617900
17/02/2017,56.12,57.35,55.58,57.32,53.48,6077200
21/02/2017,57.6,57.99,57.08,57.86,53.99,4290600
22/02/2017,57.79,58.0,57.14,57.91,54.03,4782100
23/02/2017,58.08,58.55,57.12,57.26,53.43,4664700
24/02/2017,56.92,58.56,56.37,58.54,54.62,5513400
27/02/2017,58.34,58.48,57.57,58.43,54.52,6309000
28/02/2017,58.4,58.57,57.7,57.8,53.93,5733900
01/03/2017,58.47,59.68,58.43,58.88,54.94,5382900
02/03/2017,58.46,58.73,57.53,57.57,53.72,4658700
03/03/2017,57.7,59.0,57.6,58.86,54.92,5136900
06/03/2017,58.51,58.6,57.16,57.56,53.71,5899500
07/03/2017,57.41,57.41,56.69,56.83,53.12,5757300
08/03/2017,56.91,57.03,56.43,56.68,52.98,6214700
09/03/2017,56.73,57.38,56.28,56.36,52.68,7228200
10/03/2017,54.68,55.99,54.41,55.88,52.23,12504900
13/03/2017,55.72,56.18,54.46,54.49,50.93,9720400
14/03/2017,54.11,54.14,52.72,52.88,49.43,9223100
15/03/2017,51.97,54.62,51.82,54.29,50.74,9513600
16/03/2017,54.6,54.61,53.77,54.15,50.61,4933700
17/03/2017,54.14,54.21,53.16,53.18,49.71,6400300
20/03/2017,53.51,53.75,52.94,53.45,49.96,4754700
21/03/2017,53.66,53.66,51.8,51.88,48.49,6374900
22/03/2017,51.64,52.53,51.11,52.46,49.03,5817400
23/03/2017,52.46,52.96,52.24,52.37,48.95,3022300
24/03/2017,52.64,52.87,52.29,52.61,49.17,3719700
27/03/2017,52.0,53.0,51.7,52.88,49.43,4260000
28/03/2017,52.8,54.54,52.46,54.19,50.65,6854400
29/03/2017,54.01,54.08,53.16,53.48,49.99,4487500
30/03/2017,53.52,54.25,53.41,53.83,50.31,2631300
31/03/2017,53.53,53.96,53.41,53.76,50.25,3119600
03/04/2017,53.72,54.12,53.18,54.0,50.47,3446400
04/04/2017,53.81,53.9,52.88,53.07,49.6,3990600
05/04/2017,53.49,54.41,53.3,53.35,49.87,4822600
06/04/2017,53.35,53.77,52.96,53.38,49.89,3023700
07/04/2017,53.34,54.87,53.26,54.54,50.98,7941500
10/04/2017,54.4,54.63,53.96,54.22,50.68,4268900
11/04/2017,54.21,55.08,53.59,55.06,51.46,5431100
12/04/2017,55.71,56.57,55.48,55.51,51.88,6956900
13/04/2017,55.33,55.37,54.29,54.31,50.76,4207100
17/04/2017,54.45,54.73,54.15,54.72,51.15,2852400
18/04/2017,54.66,55.07,53.81,54.42,50.87,3620100
19/04/2017,54.78,55.09,54.48,54.65,51.08,2880100
20/04/2017,54.92,56.13,54.92,55.95,52.3,4279900
21/04/2017,55.83,56.15,55.34,55.63,52.0,3828100
24/04/2017,56.2,56.7,56.05,56.49,52.8,3573600
25/04/2017,56.92,57.84,56.91,57.09,53.36,5313700
26/04/2017,57.21,57.52,56.71,56.94,53.22,5407400
27/04/2017,55.61,56.42,54.52,55.75,52.11,10258700
28/04/2017,55.92,56.39,55.66,56.22,52.55,5012200
01/05/2017,56.52,57.22,56.17,56.28,52.6,4157000
02/05/2017,56.35,58.46,56.3,58.33,54.52,4894100
03/05/2017,58.1,58.42,57.84,58.16,54.36,4023900
04/05/2017,58.42,58.65,57.54,58.34,54.53,3847300
05/05/2017,58.4,58.55,57.94,58.4,54.59,2423600
08/05/2017,58.5,58.73,57.25,57.48,53.73,3625200
09/05/2017,57.75,58.56,57.66,58.28,54.47,4467900
10/05/2017,58.17,58.59,57.97,58.37,54.56,5051200
11/05/2017,58.2,58.39,57.46,58.09,54.3,2611100
12/05/2017,57.88,58.23,57.09,57.22,53.48,3069600
15/05/2017,57.24,58.34,57.24,58.03,54.24,3723500
16/05/2017,58.11,58.62,57.65,58.27,54.46,4728300
17/05/2017,58.27,58.27,56.83,57.04,53.31,4195600
18/05/2017,57.13,57.78,56.96,57.29,53.55,3576900
19/05/2017,57.55,58.36,57.47,58.04,54.25,3389200
22/05/2017,58.4,59.44,58.26,58.92,55.07,5768900
23/05/2017,59.25,59.82,58.81,59.64,55.74,2960600
24/05/2017,59.81,60.02,59.36,59.58,55.69,3078000
25/05/2017,59.78,61.19,59.78,60.92,56.94,6800000
26/05/2017,60.85,61.15,60.5,60.67,56.71,4928200
30/05/2017,60.56,60.58,59.44,59.48,55.6,3777200
31/05/2017,59.89,60.2,59.13,60.09,56.17,4088200
01/06/2017,60.18,60.6,60.06,60.3,56.36,4689300
02/06/2017,60.8,61.24,60.24,60.36,56.42,5340200
05/06/2017,60.2,61.19,59.77,60.99,57.12,5241500
06/06/2017,60.66,61.18,60.02,60.1,56.29,5296300
07/06/2017,59.49,60.35,58.41,59.96,56.16,6816700
08/06/2017,59.96,60.1,58.83,59.16,55.41,5397600
09/06/2017,59.41,59.76,59.11,59.46,55.69,5642700
12/06/2017,59.46,59.46,57.63,58.99,55.25,6076300
13/06/2017,58.88,59.55,58.67,59.21,55.46,5015500
14/06/2017,59.62,60.08,59.03,59.53,55.76,4219200
15/06/2017,59.24,60.21,58.99,60.11,56.3,5063300
16/06/2017,60.01,60.57,60.0,60.29,56.47,6207600
19/06/2017,60.64,61.09,60.41,60.92,57.06,4964600
20/06/2017,60.85,61.07,60.24,60.33,56.51,4835700
21/06/2017,60.42,61.37,60.42,61.03,57.16,3951500
22/06/2017,61.88,62.29,61.05,61.52,57.62,5485700
23/06/2017,61.61,62.19,61.32,61.92,58.0,5079200
26/06/2017,62.1,62.75,61.61,61.75,57.84,4256300
27/06/2017,61.75,62.22,61.46,61.51,57.61,2805800
28/06/2017,61.81,62.45,61.81,62.01,58.08,2730700
29/06/2017,62.28,62.7,61.23,61.81,57.89,3186600
30/06/2017,62.04,62.58,61.97,62.14,58.2,3186400
03/07/2017,62.52,62.73,62.05,62.07,58.14,1695200
05/07/2017,62.14,63.37,62.09,63.16,59.16,3150900
06/07/2017,62.9,63.74,62.65,63.36,59.34,5594100
07/07/2017,63.4,64.39,63.4,64.24,60.17,3405500
10/07/2017,62.94,63.91,62.92,63.13,59.13,5120600
11/07/2017,63.08,63.36,61.76,61.81,57.89,5364400
12/07/2017,62.47,62.69,61.89,62.08,58.15,4939500
13/07/2017,62.0,62.47,61.4,62.02,58.09,4932900
14/07/2017,62.05,62.13,61.48,61.93,58.01,3297000
17/07/2017,61.93,62.46,61.58,62.14,58.2,3593400
18/07/2017,61.91,62.17,61.42,61.57,57.67,5117600
19/07/2017,61.4,61.61,60.46,61.41,57.52,7129500
20/07/2017,61.35,61.49,60.16,60.4,56.57,6469700
21/07/2017,60.21,60.51,59.89,60.28,56.46,5106100
24/07/2017,60.25,60.36,59.79,59.81,56.02,3354600
25/07/2017,60.19,60.44,58.74,58.82,55.09,7337100
26/07/2017,58.85,59.83,58.55,59.52,55.75,5523000
27/07/2017,56.46,58.41,53.77,56.57,52.98,14339700
28/07/2017,56.56,56.73,55.63,56.56,52.98,5798700
31/07/2017,56.9,57.0,55.42,55.51,51.99,4667700
01/08/2017,55.88,56.37,55.29,55.72,52.19,4671400
02/08/2017,55.64,55.97,55.11,55.7,52.17,4055500
03/08/2017,55.69,56.35,55.6,56.11,52.55,4616100
04/08/2017,56.19,56.61,55.8,56.58,52.99,3499100
07/08/2017,56.77,56.87,55.16,55.37,51.86,5446500
08/08/2017,55.31,55.45,54.58,54.81,51.34,5306800
09/08/2017,54.68,55.49,54.6,54.69,51.22,4456900
10/08/2017,54.5,54.56,53.7,54.01,50.59,4836600
11/08/2017,53.88,54.37,52.97,54.14,50.71,4232600
14/08/2017,54.6,54.99,54.46,54.72,51.25,4657800
15/08/2017,55.04,55.37,54.78,55.2,51.7,4249400
16/08/2017,55.4,55.72,55.15,55.31,51.8,3257100
17/08/2017,55.17,55.17,53.11,53.15,49.78,5181600
18/08/2017,53.35,54.01,53.12,53.17,49.8,6061500
21/08/2017,53.4,54.06,53.32,53.54,50.15,5128700
22/08/2017,53.57,54.08,53.4,53.43,50.16,5358200
23/08/2017,53.25,53.32,51.68,51.72,48.56,13366000
24/08/2017,52.11,52.16,50.49,50.71,47.61,8512000
25/08/2017,50.9,52.91,50.84,52.68,49.46,8842700
28/08/2017,52.61,52.72,51.53,51.75,48.58,8370200
29/08/2017,51.22,51.61,50.9,51.46,48.31,5508500
30/08/2017,51.35,51.62,50.97,51.52,48.37,4232700
31/08/2017,51.85,52.25,51.61,52.14,48.95,4515800
01/09/2017,52.35,52.49,51.91,52.19,49.0,3976600
05/09/2017,51.81,51.98,51.0,51.14,48.01,5115200
06/09/2017,50.54,52.04,49.76,51.67,48.51,8588100
07/09/2017,51.69,52.58,51.47,52.21,49.02,6046000
08/09/2017,52.01,53.03,51.88,52.87,49.64,5065100
11/09/2017,53.39,53.69,52.45,53.6,50.32,8025600
12/09/2017,53.5,54.01,53.12,53.95,50.65,5407900
13/09/2017,53.98,54.71,53.65,54.66,51.32,5925000
14/09/2017,54.48,54.83,54.14,54.35,51.02,7722100
15/09/2017,54.44,54.75,53.81,54.72,51.37,14576100
18/09/2017,54.82,54.94,53.85,54.09,50.78,6109900
19/09/2017,54.02,54.53,53.44,53.54,50.26,4664400
20/09/2017,53.91,54.28,53.43,54.25,50.93,4609100
21/09/2017,54.16,54.77,53.71,54.63,51.29,3276600
22/09/2017,54.64,55.03,54.24,54.93,51.57,3053800
25/09/2017,54.84,55.22,54.43,55.12,51.75,3498100
26/09/2017,55.39,55.96,55.1,55.72,52.31,4115800
27/09/2017,55.99,56.56,55.37,55.88,52.46,7028700
28/09/2017,55.8,56.49,55.6,56.17,52.73,5717900
29/09/2017,56.21,56.65,55.87,55.98,52.55,3751300
02/10/2017,56.02,56.27,55.6,55.99,52.56,4316600
03/10/2017,55.94,58.56,55.8,58.51,54.93,7545000
04/10/2017,58.51,59.57,58.34,58.38,54.81,6477500
05/10/2017,58.5,58.5,57.82,58.29,54.72,3703700
06/10/2017,58.16,59.45,57.99,58.44,54.86,3984200
09/10/2017,58.5,58.84,57.39,57.66,54.13,3789100
10/10/2017,58.73,59.18,57.9,58.01,54.46,5022900
11/10/2017,58.01,58.8,58.01,58.55,54.97,4194600
12/10/2017,58.78,59.4,58.59,58.81,55.21,3509900
13/10/2017,58.83,59.16,58.51,59.12,55.5,3138700
16/10/2017,58.95,59.18,58.49,58.88,55.28,4840000
17/10/2017,59.0,59.81,58.64,58.73,55.14,3673800
18/10/2017,58.72,58.99,58.54,58.83,55.23,2580800
19/10/2017,58.45,59.09,57.45,58.63,55.04,5945500
20/10/2017,58.83,59.54,58.81,59.37,55.74,4905800
23/10/2017,59.5,59.89,58.57,58.76,55.16,4580200
24/10/2017,58.84,59.1,58.34,58.8,55.2,4289300
25/10/2017,58.82,58.82,56.46,57.16,53.66,10577600
26/10/2017,57.42,58.72,54.19,55.11,51.74,14331700
27/10/2017,55.13,55.53,53.54,54.11,50.8,8995800
30/10/2017,54.04,55.1,53.78,54.73,51.38,4518500
31/10/2017,54.66,54.66,53.83,53.86,50.56,4230300
01/11/2017,54.03,54.46,53.54,53.99,50.69,4230300
02/11/2017,54.0,54.09,53.45,53.99,50.69,3080700
03/11/2017,53.99,54.25,53.61,54.14,50.83,3057500
06/11/2017,54.09,55.15,54.09,54.52,51.18,3694000
07/11/2017,54.6,54.6,53.8,53.87,50.57,3278000
08/11/2017,53.74,54.37,53.46,54.01,50.71,3093400
09/11/2017,53.72,54.14,53.27,53.46,50.19,3896900
10/11/2017,53.4,53.74,53.24,53.49,50.22,2485900
13/11/2017,53.38,53.48,52.78,53.25,49.99,2982000
14/11/2017,52.96,53.85,52.92,53.75,50.46,3060900
15/11/2017,53.65,54.8,53.0,54.63,51.29,4895700
16/11/2017,55.02,55.5,54.65,55.27,51.89,4550300
17/11/2017,55.01,55.17,54.3,54.71,51.36,3104600
20/11/2017,54.85,54.92,54.2,54.65,51.31,4087400
21/11/2017,54.66,55.48,54.61,55.43,52.04,4025500
22/11/2017,55.28,55.55,54.92,55.09,51.72,3258000
24/11/2017,55.03,55.33,54.93,55.14,51.77,1374000
27/11/2017,55.14,55.23,54.49,54.6,51.26,3129100
28/11/2017,54.66,56.22,54.51,56.17,52.73,6663900
29/11/2017,56.55,59.65,56.51,58.88,55.28,9702600
30/11/2017,58.91,61.51,58.9,60.67,56.96,13382200
01/12/2017,60.51,61.64,59.51,59.92,56.25,6184900
04/12/2017,61.66,62.89,60.84,62.03,58.23,9064400
05/12/2017,62.2,62.3,61.22,61.72,57.94,4509000
06/12/2017,61.68,61.87,61.0,61.12,57.5,2886700
07/12/2017,60.9,63.08,60.66,63.02,59.28,5778800
08/12/2017,63.41,63.96,63.15,63.33,59.58,4377600
11/12/2017,63.48,63.73,62.92,63.32,59.57,4372100
12/12/2017,63.46,63.95,63.28,63.43,59.67,3218800
13/12/2017,63.7,63.72,63.02,63.14,59.4,4194100
14/12/2017,63.86,64.7,63.69,63.85,60.07,5062100
15/12/2017,64.23,64.92,63.81,64.7,60.86,6471000
18/12/2017,65.1,65.75,64.75,65.7,61.81,4475800
19/12/2017,66.0,66.23,65.37,65.92,62.01,3969200
20/12/2017,66.4,66.47,65.44,66.09,62.17,5166900
21/12/2017,66.5,66.99,65.98,66.03,62.12,3419400
22/12/2017,66.3,66.32,65.56,65.97,62.06,2243800
26/12/2017,65.76,66.33,65.76,65.98,62.07,2041500
27/12/2017,65.94,66.0,65.56,65.96,62.05,3639900
28/12/2017,66.0,66.02,65.51,65.87,61.97,2164900
29/12/2017,66.0,66.08,65.44,65.45,61.57,1977200
02/01/2018,65.91,66.37,65.51,66.29,62.36,3791500
03/01/2018,66.12,66.19,64.6,64.91,61.06,5006400
04/01/2018,65.0,65.03,64.14,64.7,60.86,4161400
05/01/2018,64.9,64.94,63.88,64.32,60.51,3160900
08/01/2018,64.19,64.36,63.46,64.0,60.21,4552500
09/01/2018,63.28,63.71,62.25,62.38,58.68,7776800
10/01/2018,62.52,63.41,62.28,62.96,59.23,7200100
11/01/2018,63.63,65.55,63.31,64.84,61.0,5356300
12/01/2018,65.21,65.95,64.95,65.36,61.49,3809300
16/01/2018,65.51,66.11,65.01,65.47,61.59,4512700
17/01/2018,65.84,66.52,65.45,66.07,62.15,4919900
18/01/2018,66.08,66.28,64.76,65.06,61.2,4199500
19/01/2018,65.4,65.4,64.11,65.05,61.19,5110300
22/01/2018,64.86,65.05,64.4,64.89,61.04,4216300
23/01/2018,64.73,65.5,64.21,65.26,61.39,4501500
24/01/2018,62.63,63.57,61.83,62.21,58.52,10398000
25/01/2018,63.02,63.03,59.25,60.19,56.62,11178300
26/01/2018,60.87,61.57,60.26,60.82,57.21,6043600
29/01/2018,60.54,60.7,60.08,60.36,56.78,6157900
30/01/2018,59.62,60.47,59.62,59.83,56.28,4428500
31/01/2018,60.11,61.48,60.11,60.8,57.2,5725000
01/02/2018,60.51,61.12,60.05,60.31,56.73,4351200
02/02/2018,59.95,60.26,58.66,58.71,55.23,4480200
05/02/2018,58.02,58.74,56.11,56.99,53.61,7969600
06/02/2018,55.84,58.43,55.55,58.14,54.69,6963900
07/02/2018,58.05,59.04,57.89,57.89,54.46,4473200
08/02/2018,57.88,57.93,55.6,55.63,52.33,8789300
09/02/2018,56.55,56.79,54.01,55.5,52.21,6653200
12/02/2018,56.14,57.28,55.71,56.81,53.44,4427100
13/02/2018,56.55,57.25,56.16,57.16,53.77,3943400
14/02/2018,56.94,58.38,56.85,57.73,54.31,4278800
15/02/2018,58.21,58.46,57.47,58.18,54.73,3283800
16/02/2018,58.41,58.88,58.21,58.27,54.82,3838700
20/02/2018,58.08,58.49,57.5,57.73,54.31,3563100
21/02/2018,57.82,59.29,57.66,58.03,54.59,3448200
22/02/2018,58.41,58.69,57.2,57.32,53.92,4038200
23/02/2018,57.8,58.03,57.47,57.99,54.55,3310000
26/02/2018,58.75,59.84,58.65,59.5,55.97,5293700
27/02/2018,59.6,59.72,58.47,58.48,55.01,3606300
28/02/2018,58.66,58.83,57.83,57.84,54.41,4825200
01/03/2018,57.78,58.76,57.49,58.01,54.57,5400800
02/03/2018,57.49,58.13,57.03,57.81,54.38,3806200
05/03/2018,57.68,58.72,57.19,58.38,54.92,5096700
06/03/2018,58.47,58.64,57.93,58.25,54.91,2931000
07/03/2018,57.67,58.02,57.48,57.57,54.27,3981200
08/03/2018,57.74,58.9,57.71,58.37,55.03,6476500
09/03/2018,58.91,59.7,58.67,59.7,56.28,4201100
12/03/2018,59.88,59.92,59.4,59.76,56.34,4605600
13/03/2018,60.05,60.76,59.78,60.33,56.88,5235600
14/03/2018,60.37,60.83,59.33,59.62,56.21,4682200
15/03/2018,59.69,60.27,59.21,59.94,56.51,3915300
16/03/2018,60.27,61.38,60.2,60.9,57.41,5406400
19/03/2018,60.67,61.24,60.18,60.6,57.13,4453000
20/03/2018,60.73,60.99,60.5,60.69,57.21,2797100
21/03/2018,58.05,58.4,56.66,57.78,54.47,13634600
22/03/2018,57.51,58.27,56.98,57.0,53.74,7117500
23/03/2018,56.85,57.97,56.35,56.72,53.47,6880300
26/03/2018,57.5,57.86,56.9,57.59,54.29,5506600
27/03/2018,57.84,57.95,56.28,56.69,53.44,4424500
28/03/2018,56.71,56.92,55.87,56.25,53.03,4703100
29/03/2018,56.39,57.59,56.31,57.28,54.0,3087500
02/04/2018,57.19,57.19,53.79,54.34,51.23,5337000
03/04/2018,54.94,56.04,54.46,55.97,52.77,4294000
04/04/2018,55.06,56.49,54.85,56.36,53.13,3641700
05/04/2018,56.76,57.18,56.27,56.86,53.6,3689900
06/04/2018,56.43,56.67,54.85,55.29,52.12,5301900
09/04/2018,55.63,55.82,54.75,54.85,51.71,5856800
10/04/2018,55.5,55.58,53.6,54.13,51.03,5868600
11/04/2018,53.85,54.34,53.5,53.5,50.44,3599600
12/04/2018,54.09,55.94,53.78,54.94,51.79,5686700
13/04/2018,55.12,55.99,54.52,55.07,51.92,4761200
16/04/2018,55.3,55.75,54.56,54.89,51.75,5175700
17/04/2018,55.35,55.49,53.21,54.27,51.16,8060000
18/04/2018,54.5,56.52,54.38,55.82,52.62,6559900
19/04/2018,55.65,55.7,54.42,54.8,51.66,4391500
20/04/2018,54.85,55.21,54.34,54.77,51.63,5031700
23/04/2018,54.84,55.54,54.61,54.98,51.83,4465500
24/04/2018,55.32,55.38,53.43,53.88,50.79,3820000
25/04/2018,53.85,54.14,52.83,53.83,50.75,5132400
26/04/2018,52.19,53.79,51.0,53.3,50.25,9809800
27/04/2018,53.14,53.87,52.73,53.53,50.46,4891400
30/04/2018,53.62,53.78,52.71,52.83,49.8,8023200
01/05/2018,52.8,53.21,52.15,52.94,49.91,4016100
02/05/2018,52.98,53.4,52.19,52.21,49.22,6346400
03/05/2018,52.15,52.54,51.58,52.24,49.25,4330800
04/05/2018,52.0,53.1,51.91,52.78,49.76,4067800
07/05/2018,52.8,52.94,51.95,52.0,49.02,5045500
08/05/2018,52.17,53.07,51.95,52.33,49.33,6272400
09/05/2018,52.12,52.4,51.43,51.56,48.61,4222300
10/05/2018,51.3,52.19,51.26,51.94,48.97,6779700
11/05/2018,52.2,52.68,51.92,52.46,49.46,4890500
14/05/2018,52.51,52.74,52.07,52.2,49.21,7076300
15/05/2018,51.98,52.09,51.44,51.7,48.74,5241200
16/05/2018,51.75,53.37,51.59,53.01,49.97,5834700
17/05/2018,53.09,53.61,52.38,52.47,49.47,6222700
18/05/2018,52.36,53.02,52.12,52.19,49.2,6950400
21/05/2018,52.45,52.84,52.14,52.22,49.23,7237000
22/05/2018,52.51,52.67,50.68,50.85,47.94,9569000
23/05/2018,50.83,50.87,50.2,50.32,47.44,7580500
24/05/2018,50.41,51.52,50.21,51.21,48.28,8489900
25/05/2018,51.4,53.45,51.36,52.86,49.83,9292300
29/05/2018,52.62,52.8,51.21,51.49,48.54,7178100
30/05/2018,51.75,51.84,50.93,51.33,48.39,5442200
31/05/2018,51.34,51.8,50.92,51.08,48.16,7054100
01/06/2018,51.2,51.54,50.63,50.96,48.04,5486900
04/06/2018,51.13,52.08,51.0,51.65,48.69,5322600
05/06/2018,51.19,51.4,50.41,50.9,48.13,4620100
06/06/2018,50.35,50.83,49.93,50.75,47.99,7321700
07/06/2018,50.75,50.96,50.34,50.64,47.89,5601800
08/06/2018,50.54,50.82,50.23,50.48,47.74,4939500
11/06/2018,50.96,51.97,50.71,50.98,48.21,9813600
12/06/2018,51.05,51.17,50.58,50.97,48.2,8126800
13/06/2018,51.2,51.88,51.15,51.35,48.56,6253200
14/06/2018,51.6,52.07,51.4,51.94,49.12,5683900
15/06/2018,51.63,52.43,51.37,52.18,49.35,8637100
18/06/2018,51.83,52.51,51.38,52.37,49.52,5543400
19/06/2018,52.03,52.09,51.17,51.71,48.9,4658900
20/06/2018,51.99,52.03,51.53,52.0,49.17,7040900
21/06/2018,51.93,53.24,51.83,53.15,50.26,8098300
22/06/2018,52.86,53.54,51.88,51.91,49.09,9187400
25/06/2018,51.61,51.86,50.92,51.28,48.49,7836600
26/06/2018,51.59,51.59,50.94,51.17,48.39,4410900
27/06/2018,51.21,51.23,50.18,50.37,47.63,6737900
28/06/2018,50.72,50.98,50.19,50.7,47.95,4652900
29/06/2018,50.8,51.45,50.73,50.88,48.12,4227700
02/07/2018,50.63,51.59,50.5,51.54,48.74,5127500
03/07/2018,51.56,52.07,51.13,51.52,48.72,2470400
05/07/2018,51.77,52.05,51.56,51.86,49.04,4440900
06/07/2018,52.06,53.04,52.0,52.74,49.87,5796700
09/07/2018,52.9,53.52,52.58,53.26,50.37,4843600
10/07/2018,53.14,53.2,52.47,53.0,50.12,3484000
11/07/2018,52.54,52.66,51.63,52.53,49.68,5788300
12/07/2018,53.13,53.22,51.86,52.77,49.9,4102600
13/07/2018,52.67,53.25,52.63,53.09,50.21,3392100
16/07/2018,53.39,53.49,52.75,53.08,50.2,3713800
17/07/2018,52.91,53.72,52.91,53.22,50.33,3942600
18/07/2018,54.06,55.23,53.75,53.9,50.97,7258400
19/07/2018,54.02,54.1,53.41,53.78,50.86,4013500
20/07/2018,53.58,53.87,53.24,53.43,50.53,4674400
23/07/2018,53.26,53.71,52.78,53.56,50.65,3846100
24/07/2018,53.74,53.75,51.84,51.91,49.09,5782100
25/07/2018,52.0,52.62,51.66,52.29,49.45,5445700
26/07/2018,52.1,56.88,52.03,56.7,53.62,11997000
27/07/2018,56.59,58.43,56.51,58.38,55.21,8891400
30/07/2018,58.08,58.43,57.52,57.9,54.75,5492200
31/07/2018,58.14,59.33,58.11,58.16,55.0,5138600
01/08/2018,58.12,58.34,56.44,56.52,53.45,4292400
02/08/2018,56.21,56.76,55.61,56.69,53.61,3507500
03/08/2018,56.83,57.49,56.8,57.41,54.29,3826900
06/08/2018,57.21,57.92,57.1,57.79,54.65,2989000
07/08/2018,58.15,58.64,57.84,58.09,54.93,2557900
08/08/2018,58.77,59.33,58.61,58.82,55.62,4003800
09/08/2018,58.86,59.28,58.81,58.99,55.79,2763500
10/08/2018,58.78,59.09,58.3,58.99,55.79,3218700
13/08/2018,59.05,59.37,58.52,58.84,55.64,2972900
14/08/2018,58.94,59.84,58.93,59.09,55.88,3298100
15/08/2018,59.04,60.48,58.91,60.33,57.05,6499100
16/08/2018,60.55,60.96,59.33,59.52,56.29,5345000
17/08/2018,59.59,59.83,59.05,59.68,56.44,3166000
20/08/2018,59.95,62.05,59.89,61.63,58.28,6106000
21/08/2018,61.48,62.2,60.96,61.0,57.84,4150800
22/08/2018,60.81,61.0,60.27,60.61,57.47,2176900
23/08/2018,60.64,61.33,60.36,61.01,57.85,3031900
24/08/2018,60.49,61.07,59.93,60.99,57.83,2702000
27/08/2018,61.16,61.38,60.7,60.91,57.75,2706700
28/08/2018,61.03,61.53,60.8,61.33,58.15,4382000
29/08/2018,61.33,61.56,60.83,61.22,58.04,3136500
30/08/2018,61.05,61.41,60.54,60.82,57.67,3083500
31/08/2018,60.86,61.75,60.81,61.3,58.12,3292300
04/09/2018,61.43,62.55,61.13,61.99,58.77,5588200
05/09/2018,62.15,62.74,61.3,61.4,58.22,4870600
06/09/2018,61.4,61.75,60.66,61.03,57.86,2512500
07/09/2018,61.44,62.71,61.21,61.9,58.69,3836500
10/09/2018,61.9,62.72,61.63,62.51,59.27,3674800
11/09/2018,62.31,63.25,62.28,62.98,59.71,3074100
12/09/2018,62.95,63.0,61.25,61.37,58.19,5364300
13/09/2018,61.55,62.84,61.52,62.36,59.13,3968500
14/09/2018,62.22,62.56,62.03,62.43,59.19,2936400
17/09/2018,62.67,63.46,62.61,63.1,59.83,3644700
18/09/2018,63.0,63.23,62.11,63.05,59.78,2768700
19/09/2018,63.15,63.88,63.02,63.11,59.84,2756800
20/09/2018,63.38,63.63,62.42,62.5,59.26,4311100
21/09/2018,62.69,64.02,62.67,63.77,60.46,7797700
24/09/2018,63.34,63.39,61.65,62.06,58.84,4522100
25/09/2018,62.0,62.34,61.12,61.65,58.45,3864000
26/09/2018,61.93,62.37,61.82,62.09,58.87,2391400
27/09/2018,62.5,63.16,62.44,62.71,59.46,4007900
28/09/2018,62.45,63.01,61.92,62.45,59.21,3018000
01/10/2018,62.61,63.2,61.54,61.7,58.5,4257000
02/10/2018,61.48,61.83,60.59,61.18,58.01,4041300
03/10/2018,61.38,62.0,61.26,61.68,58.48,4420700
04/10/2018,61.67,61.97,61.22,61.58,58.39,2474800
05/10/2018,61.68,61.87,60.67,61.05,57.88,3998200
08/10/2018,60.9,61.07,60.16,60.62,57.48,3690700
09/10/2018,60.65,60.72,59.47,59.49,56.4,7852400
10/10/2018,59.36,59.38,56.88,57.33,54.36,7945400
11/10/2018,57.92,58.75,56.43,57.03,54.07,7140800
12/10/2018,57.94,58.23,56.72,57.38,54.4,4014100
15/10/2018,57.22,58.19,57.18,57.68,54.69,3324800
16/10/2018,57.8,59.14,57.51,58.94,55.88,4119800
17/10/2018,60.45,60.86,58.65,59.2,56.13,4664100
18/10/2018,59.16,59.16,57.77,57.96,54.95,3570600
19/10/2018,58.17,58.44,57.69,58.13,55.11,3757200
22/10/2018,58.14,58.53,57.16,57.87,54.87,4373000
23/10/2018,57.22,57.52,55.96,57.48,54.5,4253300
24/10/2018,57.76,57.79,54.36,54.59,51.76,6127800
25/10/2018,50.97,51.7,49.02,49.91,47.32,21643400
26/10/2018,49.9,50.18,48.33,49.58,47.01,10057900
29/10/2018,49.93,50.18,47.1,47.91,45.42,11202300
30/10/2018,47.36,49.18,47.25,49.15,46.6,8954900
31/10/2018,49.34,50.12,49.05,49.1,46.55,7568000
01/11/2018,49.3,51.04,49.3,50.95,48.31,6778600
02/11/2018,51.0,52.55,51.0,51.82,49.13,8458000
05/11/2018,51.67,51.78,51.06,51.42,48.75,6203800
06/11/2018,51.45,52.45,51.25,51.86,49.17,8061200
07/11/2018,52.1,53.31,51.95,52.88,50.14,4862500
08/11/2018,52.7,53.03,52.34,52.72,49.99,4634300
09/11/2018,52.78,53.51,52.12,52.49,49.77,4229900
12/11/2018,52.4,52.72,51.54,51.89,49.2,3946800
13/11/2018,52.1,53.07,52.09,52.73,49.99,6528700
14/11/2018,52.76,53.44,52.25,52.48,49.76,4346600
15/11/2018,52.0,53.5,51.73,53.23,50.47,5051700
16/11/2018,52.85,52.99,51.68,52.58,49.85,4770200
19/11/2018,52.75,52.84,52.08,52.39,49.67,3019300
20/11/2018,51.84,52.37,51.33,51.57,48.9,3373500
21/11/2018,51.8,53.21,51.74,52.25,49.54,2952800
23/11/2018,52.72,53.22,52.16,52.68,49.95,2216600
26/11/2018,53.05,53.48,52.47,52.76,50.02,4319700
27/11/2018,53.08,53.97,52.69,52.79,50.05,6216900
28/11/2018,53.05,53.08,52.17,53.08,50.33,3813600
29/11/2018,52.82,53.57,52.82,53.23,50.47,2929000
30/11/2018,53.43,54.66,53.3,54.61,51.78,4546900
03/12/2018,54.9,55.68,54.23,54.37,51.55,4041500
04/12/2018,53.62,54.17,52.13,52.8,50.21,5877100
06/12/2018,52.57,53.85,52.26,53.6,50.97,7603500
07/12/2018,53.23,53.39,51.14,51.36,48.84,6238300
10/12/2018,51.54,51.8,50.19,51.14,48.63,5006300
11/12/2018,51.58,51.61,50.68,51.08,48.57,2970900
12/12/2018,51.48,51.5,50.55,50.9,48.4,4137800
13/12/2018,50.88,51.0,49.36,50.34,47.87,6866700
14/12/2018,49.62,51.08,49.58,50.09,47.63,3998700
17/12/2018,49.84,50.11,48.53,49.39,46.97,5814200
18/12/2018,49.89,50.15,49.35,49.6,47.17,3560600
19/12/2018,49.37,49.98,48.35,48.78,46.39,4350600
20/12/2018,48.52,48.88,46.41,47.07,44.76,4759300
21/12/2018,47.07,47.81,45.77,45.95,43.7,8357700
24/12/2018,45.56,45.69,44.35,44.4,42.22,3782200
26/12/2018,44.75,46.76,44.28,46.72,44.43,3929200
27/12/2018,46.27,46.82,45.11,46.8,44.5,3281200
28/12/2018,47.0,47.5,46.59,46.76,44.47,3135700
31/12/2018,46.94,47.14,46.06,46.48,44.2,3805100
02/01/2019,46.05,47.2,45.47,47.14,44.83,4081300
03/01/2019,46.48,46.57,44.61,45.61,43.37,4404900
04/01/2019,45.99,48.06,45.99,47.86,45.51,4762100
07/01/2019,47.84,48.26,47.17,47.87,45.52,5194700
08/01/2019,48.5,48.59,47.21,47.54,45.21,4462600
09/01/2019,47.63,49.27,47.57,49.08,46.67,3489400
10/01/2019,47.49,49.03,46.9,48.99,46.59,5424800
11/01/2019,48.65,48.86,47.85,48.52,46.14,3568900
14/01/2019,48.18,49.29,47.7,48.76,46.37,3908800
15/01/2019,49.01,50.02,48.86,49.61,47.18,4408900
16/01/2019,50.36,50.73,49.75,49.78,47.34,4640300
17/01/2019,49.74,50.93,49.62,50.59,48.11,3483100
18/01/2019,50.91,51.58,50.6,51.57,49.04,3236200
22/01/2019,51.25,51.54,50.24,50.54,48.06,4153900
23/01/2019,50.88,51.31,50.06,51.02,48.52,4721300
24/01/2019,53.75,54.87,52.72,54.21,51.55,11000800
25/01/2019,55.0,55.69,54.05,54.98,52.28,7351800
28/01/2019,54.89,55.96,54.89,55.52,52.8,5073200
29/01/2019,55.65,56.54,55.38,56.37,53.6,5231900
30/01/2019,56.66,57.82,56.58,57.49,54.67,6768600
31/01/2019,57.49,57.64,56.41,56.76,53.97,4658800
01/02/2019,56.99,58.0,56.91,57.13,54.33,3610400
04/02/2019,57.2,58.31,57.15,58.29,55.43,4426900
05/02/2019,58.5,58.77,57.53,57.88,55.04,5130900
06/02/2019,57.55,57.72,56.64,57.61,54.78,5305600
07/02/2019,57.17,57.67,57.12,57.48,54.66,3130500
08/02/2019,56.97,57.65,56.81,57.65,54.82,3151400
11/02/2019,58.07,58.44,57.6,58.28,55.42,4081700
12/02/2019,58.28,58.74,57.51,57.7,54.87,3612800
13/02/2019,57.97,58.57,57.81,58.0,55.15,3969200
14/02/2019,57.61,58.49,57.15,58.0,55.15,5013400
15/02/2019,58.5,58.6,57.64,57.7,54.87,4992000
19/02/2019,57.35,58.16,56.66,57.67,54.84,5656300
20/02/2019,55.04,55.39,54.18,54.41,51.74,11873100
21/02/2019,54.2,54.75,54.05,54.31,51.65,4916600
22/02/2019,54.13,54.39,53.47,53.62,50.99,4569600
25/02/2019,53.91,54.2,53.6,53.96,51.31,5650600
26/02/2019,53.96,54.63,53.67,53.69,51.06,5806600
27/02/2019,53.49,54.2,53.31,53.85,51.21,5569200
28/02/2019,53.89,56.96,53.68,56.04,53.29,15308200
01/03/2019,56.28,56.58,54.05,54.34,51.67,9041400
04/03/2019,54.22,54.56,53.26,53.83,51.19,4526200
05/03/2019,54.0,54.4,53.32,53.39,50.92,5211600
06/03/2019,53.5,53.78,52.76,53.06,50.61,5114900
07/03/2019,52.83,53.18,51.96,52.43,50.01,5552200
08/03/2019,52.01,52.01,51.32,51.77,49.38,4648100
11/03/2019,49.9,51.64,49.82,51.61,49.22,6185700
12/03/2019,51.38,51.43,49.91,50.4,48.07,8767000
13/03/2019,50.89,51.78,48.58,50.61,48.27,12543800
14/03/2019,50.78,51.59,50.61,51.16,48.79,7699800
15/03/2019,51.16,51.72,50.95,51.37,48.99,7146500
18/03/2019,51.34,51.53,51.0,51.08,48.72,4217300
19/03/2019,51.17,51.72,50.48,50.74,48.39,4319700
20/03/2019,50.5,50.7,49.41,49.7,47.4,5785700
21/03/2019,49.7,51.03,49.7,50.74,48.39,5574100
22/03/2019,50.42,50.52,49.3,49.32,47.04,4834900
25/03/2019,49.26,49.54,48.53,48.69,46.44,4501800
26/03/2019,48.85,49.48,48.58,48.75,46.5,3821400
27/03/2019,48.5,50.25,48.5,49.83,47.53,8071800
28/03/2019,49.8,50.72,49.72,50.45,48.12,7368900
29/03/2019,50.58,52.1,50.45,51.91,49.51,6669600
01/04/2019,52.27,53.05,52.02,52.41,49.99,6312900
02/04/2019,53.17,53.43,52.15,52.71,50.27,4412800
03/04/2019,52.95,53.52,52.82,52.89,50.44,3098300
04/04/2019,53.25,53.3,52.21,53.18,50.72,2799500
05/04/2019,53.25,53.73,53.06,53.25,50.79,2531800
08/04/2019,52.26,52.5,51.67,51.94,49.54,7001700
09/04/2019,51.63,52.08,51.38,51.89,49.49,3380600
10/04/2019,52.57,52.76,51.72,52.62,50.19,3910700
11/04/2019,52.75,53.51,52.69,53.0,50.55,3287100
12/04/2019,53.27,53.64,52.71,53.13,50.67,2738400
15/04/2019,53.06,53.06,52.28,52.29,49.87,2524600
16/04/2019,52.26,52.97,51.98,52.78,50.34,2941000
17/04/2019,53.39,53.63,52.47,52.76,50.32,2571000
18/04/2019,52.66,52.77,51.9,52.18,49.77,3342100
22/04/2019,51.86,52.07,51.46,51.71,49.32,2971500
23/04/2019,51.78,52.92,51.56,52.79,50.35,3600000
24/04/2019,52.91,53.04,52.39,52.93,50.48,4074200
25/04/2019,53.12,54.86,52.64,53.35,50.88,7115900
26/04/2019,53.25,53.55,52.94,52.98,50.53,3939400
29/04/2019,52.99,54.07,52.74,53.83,51.34,4029400
30/04/2019,53.93,54.56,53.52,54.23,51.72,3861000
01/05/2019,54.6,54.61,53.86,53.9,51.41,2514200
02/05/2019,53.99,54.49,53.36,53.37,50.9,2903900
03/05/2019,53.52,53.93,53.29,53.62,51.14,2502100
06/05/2019,52.81,53.61,52.72,53.48,51.01,2307600
07/05/2019,53.04,53.12,51.45,52.21,49.8,4893900
08/05/2019,51.89,52.89,51.61,52.41,49.99,3464800
09/05/2019,51.9,52.52,51.8,52.46,50.03,2749100
10/05/2019,52.15,52.88,51.18,52.74,50.3,2564700
13/05/2019,51.77,51.84,50.78,51.04,48.68,3285700
14/05/2019,51.12,51.94,50.9,51.65,49.26,2616100
15/05/2019,51.01,52.44,50.71,52.01,49.61,3086600
16/05/2019,52.17,53.01,52.0,52.59,50.16,3176100
17/05/2019,52.06,52.98,51.95,52.24,49.82,2173200
20/05/2019,51.78,52.51,51.73,52.01,49.61,2658200
21/05/2019,52.55,53.44,52.4,53.37,50.9,3471400
22/05/2019,53.24,53.52,52.52,52.57,50.14,3192000
23/05/2019,52.05,52.05,50.36,50.96,48.6,5438200
24/05/2019,51.11,51.56,50.88,51.15,48.79,2311900
28/05/2019,50.73,50.93,49.99,50.03,47.72,3446600
29/05/2019,50.15,50.15,49.11,49.56,47.27,3703100
30/05/2019,49.57,49.89,49.06,49.39,47.11,2792300
31/05/2019,48.91,49.01,47.44,47.6,45.4,5193900
03/06/2019,47.6,48.35,47.4,47.79,45.58,5231200
04/06/2019,48.24,49.22,48.17,48.95,46.86,6212700
05/06/2019,49.59,50.29,49.4,50.22,48.08,4456100
06/06/2019,50.25,50.5,49.54,49.98,47.85,2385900
07/06/2019,50.16,50.96,50.08,50.37,48.22,2032300
10/06/2019,50.85,51.33,50.28,50.3,48.16,3016600
11/06/2019,50.56,51.14,50.27,50.58,48.42,2949000
12/06/2019,50.59,51.11,50.42,50.81,48.64,2572800
13/06/2019,51.11,52.75,51.07,52.38,50.15,4241800
14/06/2019,52.54,52.59,51.38,51.82,49.61,2535300
17/06/2019,51.61,51.7,51.07,51.18,49.0,2811200
18/06/2019,51.43,52.46,51.16,51.7,49.5,3068800
19/06/2019,52.0,52.1,50.89,51.51,49.31,3903300
20/06/2019,51.82,51.91,51.03,51.52,49.32,3884300
21/06/2019,51.52,51.99,51.12,51.25,49.07,4733300
24/06/2019,51.46,51.5,50.91,51.22,49.04,2384200
25/06/2019,51.12,51.61,50.96,51.0,48.83,2954000
26/06/2019,51.07,51.38,50.35,50.7,48.54,3847600
27/06/2019,50.76,51.47,50.5,50.74,48.58,3856700
28/06/2019,50.96,51.18,50.65,50.78,48.62,5965400
01/07/2019,51.2,51.83,51.05,51.54,49.34,3350600
02/07/2019,51.91,52.25,51.03,51.43,49.24,2909300
03/07/2019,51.77,52.23,51.58,51.89,49.68,2717000
05/07/2019,51.85,52.25,51.46,51.88,49.67,2113200
08/07/2019,51.6,52.29,51.41,52.08,49.86,3164700
09/07/2019,51.71,52.24,51.47,51.69,49.49,3121800
10/07/2019,51.91,52.34,51.72,51.86,49.65,3224000
11/07/2019,52.17,52.23,51.77,51.84,49.63,2094500
12/07/2019,52.0,52.81,51.82,52.51,50.27,2643100
15/07/2019,52.35,53.0,52.18,52.26,50.03,3191400
16/07/2019,52.28,53.79,52.28,53.28,51.01,3601100
17/07/2019,53.13,53.13,52.27,52.3,50.07,3712800
18/07/2019,52.17,52.73,51.9,52.44,50.2,2969400
19/07/2019,52.53,52.93,52.0,52.02,49.8,4285500
22/07/2019,52.31,53.1,52.27,52.68,50.43,3567200
23/07/2019,52.75,54.25,52.73,54.12,51.81,3399900
24/07/2019,54.0,54.94,53.85,54.72,52.39,4756600
25/07/2019,53.33,55.94,52.41,54.91,52.57,8684100
26/07/2019,54.86,54.86,53.14,53.25,50.98,5835400
29/07/2019,53.15,53.69,52.69,52.88,50.63,3785900
30/07/2019,52.55,52.8,52.15,52.55,50.31,2794400
31/07/2019,52.55,52.71,51.39,51.53,49.33,4985500
01/08/2019,51.53,52.28,50.42,50.96,48.79,4588000
02/08/2019,50.84,50.97,50.25,50.62,48.46,3142500
05/08/2019,50.0,50.0,48.4,48.96,46.87,5156500
06/08/2019,49.39,49.79,49.05,49.71,47.59,3234900
07/08/2019,49.18,50.17,48.77,49.93,47.8,3592400
08/08/2019,50.24,50.8,49.91,50.49,48.34,3673100
09/08/2019,50.23,50.76,50.06,50.45,48.3,2594300
12/08/2019,50.02,50.15,49.54,50.05,47.92,2112100
13/08/2019,49.4,50.95,49.36,49.92,47.79,3240500
14/08/2019,49.42,49.44,48.22,48.76,46.68,3653800
15/08/2019,48.91,49.04,48.09,48.21,46.15,2935600
16/08/2019,48.7,50.01,48.55,49.79,47.67,2997200
19/08/2019,50.33,50.95,50.3,50.64,48.48,3540100
20/08/2019,50.45,50.47,49.73,50.02,48.06,2296900
21/08/2019,50.41,50.89,50.35,50.59,48.61,2096500
22/08/2019,50.81,51.57,50.66,51.19,49.18,3470200
23/08/2019,50.95,51.94,50.23,50.56,48.58,4692100
26/08/2019,50.94,51.16,50.24,50.69,48.7,3608800
27/08/2019,50.97,51.12,50.19,50.49,48.51,2519100
28/08/2019,50.24,51.52,50.12,51.16,49.15,2614900
29/08/2019,51.66,52.39,51.61,52.3,50.25,3851800
30/08/2019,52.6,53.19,52.18,52.32,50.27,3274700
03/09/2019,51.89,52.24,50.91,51.38,49.37,4298000
04/09/2019,51.83,52.29,51.01,52.1,50.06,3167000
05/09/2019,52.6,53.13,52.44,52.52,50.46,3236100
06/09/2019,52.75,53.15,52.08,52.14,50.1,2773600
09/09/2019,52.14,53.3,51.82,53.08,51.0,3127600
10/09/2019,53.29,53.63,52.88,53.38,51.29,3196200
11/09/2019,53.47,54.86,53.04,54.71,52.56,5496000
12/09/2019,54.79,55.47,54.3,54.98,52.82,2963500
13/09/2019,55.98,56.35,55.65,55.79,53.6,4400800
16/09/2019,54.39,55.86,54.06,55.81,53.62,4727300
17/09/2019,55.25,56.28,55.21,55.73,53.54,4270200
18/09/2019,55.7,56.49,55.6,56.23,54.02,4514200
19/09/2019,56.09,56.21,55.06,55.08,52.92,4054800
20/09/2019,55.16,55.44,54.27,54.49,52.35,7034800
23/09/2019,54.35,54.76,53.96,54.48,52.34,2910200
24/09/2019,54.94,55.18,54.07,54.73,52.58,3402100
25/09/2019,54.76,55.34,54.52,54.82,52.67,2118900
26/09/2019,54.87,55.18,54.44,54.58,52.44,2528900
27/09/2019,54.9,55.17,54.06,54.34,52.21,3160700
30/09/2019,54.4,54.69,53.73,54.01,51.89,3712900
01/10/2019,54.29,54.9,53.29,53.37,51.28,4204900
02/10/2019,52.72,53.0,51.19,52.04,50.0,5131400
03/10/2019,52.04,52.44,51.26,52.26,50.21,4079200
04/10/2019,52.16,52.99,52.16,52.79,50.72,2779800
07/10/2019,53.0,53.45,52.78,53.04,50.96,2775100
08/10/2019,52.73,53.72,52.41,53.03,50.95,3751400
09/10/2019,53.57,54.14,53.13,53.49,51.39,3698600
10/10/2019,52.7,53.84,52.6,53.67,51.57,2822400
11/10/2019,54.37,54.61,53.88,53.92,51.81,3032800
14/10/2019,53.72,54.3,53.72,54.03,51.91,1932800
15/10/2019,53.99,54.78,53.65,54.16,52.04,3505800
16/10/2019,54.16,54.6,53.66,53.67,51.57,4356100
17/10/2019,54.05,54.21,53.69,53.86,51.75,3872500
18/10/2019,53.87,54.72,53.45,53.48,51.38,7672900
21/10/2019,54.31,54.31,53.14,53.23,51.14,6836000
22/10/2019,53.12,53.51,52.29,52.92,50.84,5598400
23/10/2019,52.93,53.41,52.66,53.24,51.15,5038300
24/10/2019,54.2,57.1,54.0,56.29,54.08,10462200
25/10/2019,56.07,56.8,55.73,56.74,54.51,4044000
28/10/2019,56.92,57.82,56.83,57.64,55.38,5439400
29/10/2019,57.61,57.9,57.15,57.21,54.97,3074800
30/10/2019,57.19,57.27,56.48,57.04,54.8,2280500
31/10/2019,56.55,56.64,55.73,56.13,53.93,2555200
01/11/2019,56.34,56.37,55.85,56.26,54.05,2364500
04/11/2019,56.53,56.99,56.37,56.98,54.75,2368000
05/11/2019,57.16,57.98,57.01,57.88,55.61,2897900
06/11/2019,57.9,57.9,57.04,57.86,55.59,2649200
07/11/2019,58.0,58.5,57.86,58.24,55.96,2860900
08/11/2019,58.2,58.35,57.89,58.18,55.9,2520600
11/11/2019,58.01,58.3,57.2,58.26,55.98,3172600
12/11/2019,58.34,58.41,57.67,57.85,55.58,1936000
13/11/2019,57.6,57.84,57.45,57.59,55.33,1817900
14/11/2019,57.24,57.72,57.08,57.63,55.37,1901400
15/11/2019,57.89,58.15,57.68,57.79,55.52,1647700
18/11/2019,57.68,57.8,57.2,57.78,55.51,2205200
19/11/2019,57.99,58.05,57.3,57.55,55.29,2103400
20/11/2019,57.33,57.49,56.26,56.83,54.6,3125800
21/11/2019,56.85,57.07,56.54,56.59,54.37,2126000
22/11/2019,56.81,57.12,56.6,57.01,54.77,1530200
25/11/2019,57.2,57.77,56.84,57.56,55.3,2076400
26/11/2019,57.78,57.89,57.12,57.59,55.33,2665400
27/11/2019,57.67,57.95,57.39,57.75,55.49,1627000
29/11/2019,57.75,57.95,57.47,57.64,55.38,1098400
02/12/2019,57.6,57.8,56.7,56.72,54.5,2977200
03/12/2019,56.2,56.34,55.62,55.93,53.74,3669100
04/12/2019,56.08,56.55,55.76,55.78,53.59,3379700
05/12/2019,56.05,56.18,55.49,55.53,53.35,2791700
06/12/2019,55.82,56.27,55.77,55.94,53.75,2257000
09/12/2019,55.81,55.94,55.41,55.47,53.29,2553700
10/12/2019,55.29,55.58,54.76,54.91,52.93,2785000
11/12/2019,54.54,54.85,53.81,54.0,52.05,4881300
12/12/2019,54.46,55.42,54.16,54.49,52.52,4054800
13/12/2019,54.34,54.85,54.13,54.15,52.2,2705400
16/12/2019,54.55,54.93,54.34,54.35,52.39,3293900
17/12/2019,54.3,55.11,54.02,54.18,52.22,3965600
18/12/2019,54.35,54.54,53.43,53.6,51.67,3930600
19/12/2019,53.51,54.2,53.51,54.08,52.13,3833800
20/12/2019,54.28,54.7,54.01,54.63,52.66,7819700
23/12/2019,54.81,56.09,54.67,55.25,53.26,7845800
24/12/2019,55.27,55.32,54.67,54.94,52.96,1326400
26/12/2019,54.94,55.34,54.6,54.9,52.92,1930800
27/12/2019,54.97,55.0,54.06,54.32,52.36,3348200
30/12/2019,54.32,54.4,53.82,54.08,52.13,2696300
31/12/2019,54.04,54.12,53.82,53.98,52.03,2881100
02/01/2020,54.38,54.87,54.29,54.84,52.86,3713000
03/01/2020,53.6,54.42,53.04,54.35,52.39,3536100
06/01/2020,53.69,54.56,53.48,54.13,52.18,4200300
07/01/2020,54.33,54.4,53.88,54.29,52.33,2997600
08/01/2020,53.68,54.66,53.64,54.37,52.41,4103100
09/01/2020,54.5,54.82,54.2,54.3,52.34,3850700
10/01/2020,54.35,54.4,53.69,53.94,51.99,4051400
13/01/2020,53.94,54.08,53.61,53.99,52.04,3958600
14/01/2020,54.58,55.18,54.34,54.49,52.52,5007400
15/01/2020,54.29,55.1,54.12,55.03,53.04,4097100
16/01/2020,55.38,55.68,55.08,55.3,53.3,2950500
17/01/2020,55.41,55.49,54.76,55.01,53.02,3999900
21/01/2020,54.63,55.07,53.18,53.54,51.61,6753500
22/01/2020,53.9,54.28,53.46,53.48,51.55,5303600
23/01/2020,53.0,55.46,51.85,55.4,53.4,6784500
24/01/2020,55.61,56.56,54.96,56.55,54.51,7995100
27/01/2020,55.23,56.66,55.15,56.25,54.22,8275100
28/01/2020,56.59,57.73,56.39,57.6,55.52,6242300
29/01/2020,57.75,58.19,56.82,56.89,54.84,6666000
30/01/2020,55.31,56.47,55.22,55.83,53.82,5129600
31/01/2020,55.62,55.92,54.63,54.98,53.0,5552100
03/02/2020,55.41,55.73,54.69,55.22,53.23,4071100
04/02/2020,55.99,56.37,55.5,55.68,53.67,3619400
05/02/2020,56.43,57.23,56.12,56.95,54.89,3162700
06/02/2020,57.38,58.01,57.08,57.72,55.64,4332000
07/02/2020,57.46,57.71,56.99,57.26,55.19,2703600
10/02/2020,57.2,57.49,56.53,57.42,55.35,2882100
11/02/2020,57.82,58.59,57.59,57.93,55.84,2848600
12/02/2020,58.27,58.66,58.0,58.48,56.37,2234200
13/02/2020,58.06,58.69,57.85,58.54,56.43,2401800
14/02/2020,58.68,58.83,57.89,57.97,55.88,2481800
18/02/2020,58.0,58.34,57.38,57.6,55.52,3086600
19/02/2020,57.68,57.74,57.06,57.11,55.05,2135100
20/02/2020,57.04,57.51,56.71,56.94,54.89,2924800
21/02/2020,56.53,56.8,55.46,56.53,54.49,2324600
24/02/2020,54.87,54.99,53.35,54.11,52.16,7538400
25/02/2020,54.41,54.5,49.55,49.66,47.87,9351700
26/02/2020,50.09,50.48,48.08,48.9,47.14,9286300
27/02/2020,47.15,49.21,45.64,46.63,44.95,10355900
28/02/2020,45.07,46.77,44.98,46.19,44.52,11851000
02/03/2020,46.54,47.18,44.34,46.95,45.26,9043200
03/03/2020,47.54,48.39,45.05,45.21,43.75,7338100
04/03/2020,45.89,47.07,44.86,46.93,45.41,8990300
05/03/2020,45.06,45.7,44.18,45.25,43.78,10774800
06/03/2020,43.56,46.8,42.72,45.73,44.25,10708100
09/03/2020,42.89,45.61,42.72,43.62,42.21,9602300
10/03/2020,45.28,45.85,42.51,45.56,44.08,9366900
11/03/2020,43.99,44.38,41.63,42.49,41.11,10508900
12/03/2020,39.33,40.6,35.61,36.07,34.9,16353400
13/03/2020,39.19,41.28,36.31,41.28,39.94,14308800
16/03/2020,36.5,39.45,35.85,37.52,36.31,15849900
17/03/2020,38.21,40.69,36.0,38.25,37.01,8133500
18/03/2020,35.78,36.42,29.15,35.15,34.01,14219600
19/03/2020,34.65,35.05,30.5,30.86,29.86,18052600
20/03/2020,32.06,33.95,29.65,31.94,30.91,12617900
23/03/2020,31.69,34.49,30.25,33.73,32.64,9616800
24/03/2020,38.2,39.13,36.05,37.66,36.44,12803100
25/03/2020,41.52,41.73,37.31,39.4,38.12,16346700
26/03/2020,40.9,43.56,40.06,41.23,39.9,8986300
27/03/2020,39.84,40.14,36.1,36.38,35.2,8297400
30/03/2020,35.52,37.15,34.5,35.1,33.96,7443300
31/03/2020,35.27,37.47,34.95,35.61,34.46,7794100
01/04/2020,34.05,34.2,31.81,32.04,31.0,8545900
02/04/2020,32.11,32.84,30.87,31.5,30.48,7853500
03/04/2020,31.33,31.88,29.73,30.54,29.55,9915900
06/04/2020,31.79,31.96,30.0,30.7,29.71,13833000
07/04/2020,33.84,35.43,32.32,32.77,31.71,14036100
08/04/2020,33.56,34.78,32.63,34.3,33.19,8923800
09/04/2020,36.3,37.31,35.13,36.47,35.29,10338100
13/04/2020,36.72,36.72,33.75,34.26,33.15,9067500
14/04/2020,35.17,36.05,34.71,34.78,33.65,8860200
15/04/2020,35.15,35.26,32.52,32.82,31.76,20028700
16/04/2020,32.12,32.35,30.2,30.68,29.69,17862300
17/04/2020,32.5,32.95,30.9,31.19,30.18,20139900
20/04/2020,30.64,31.48,29.51,31.06,30.05,14553900
21/04/2020,30.05,31.23,29.6,30.11,29.14,12562700
22/04/2020,30.63,30.81,28.8,29.71,28.75,15676500
23/04/2020,29.81,30.78,29.59,30.14,29.16,11631600
24/04/2020,30.2,30.43,28.8,29.33,28.38,15077600
27/04/2020,29.79,29.91,28.85,29.11,28.17,14224500
28/04/2020,29.12,30.48,28.25,29.69,28.73,54153900
29/04/2020,29.49,31.8,29.43,30.97,29.97,101007800
30/04/2020,30.71,31.69,30.18,31.25,30.24,62444700
01/05/2020,30.5,30.96,28.75,29.23,28.28,36353800
04/05/2020,27.23,27.94,26.5,27.56,26.67,43447700
05/05/2020,28.07,28.13,26.18,26.42,25.56,36676900
06/05/2020,26.55,26.74,24.77,24.93,24.12,36971800
07/05/2020,24.99,26.27,24.95,25.45,24.63,24535900
08/05/2020,26.04,27.23,25.91,27.2,26.32,19120400
11/05/2020,26.62,26.86,25.78,26.09,25.25,20841500
12/05/2020,26.19,26.62,25.14,25.24,24.42,16904400
13/05/2020,25.02,25.1,23.52,24.0,23.22,22892500
14/05/2020,23.38,24.81,22.47,24.78,23.98,23187200
15/05/2020,24.37,24.87,23.75,23.87,23.1,18679800
18/05/2020,25.75,27.24,25.55,27.09,26.21,27148700
19/05/2020,28.5,28.85,26.93,27.69,26.79,35768200
20/05/2020,28.47,29.33,28.17,29.15,28.21,27249000
21/05/2020,29.31,30.12,29.02,29.6,28.64,22166500
22/05/2020,29.76,29.98,28.31,28.87,27.94,17558200
26/05/2020,31.71,32.94,31.44,32.52,31.47,41232500
27/05/2020,34.9,35.16,31.4,33.66,32.57,44902300
28/05/2020,33.9,34.1,32.34,32.55,31.5,24743000
29/05/2020,31.48,32.82,31.2,32.1,31.06,19741300
01/06/2020,32.3,34.4,32.16,33.62,32.53,20812800
02/06/2020,34.86,35.2,34.03,34.48,33.36,22875700
03/06/2020,35.07,36.95,34.9,36.42,35.24,26644900
04/06/2020,37.79,39.76,36.6,38.27,37.03,54234500
05/06/2020,41.98,42.35,37.57,38.18,36.94,54289300
08/06/2020,40.14,40.61,38.7,40.59,39.28,31341000
09/06/2020,38.36,38.81,36.58,38.01,36.78,26724400
10/06/2020,36.01,38.2,34.76,37.14,35.94,37974200
11/06/2020,32.94,35.17,32.5,32.83,31.77,28557000
12/06/2020,36.06,36.99,34.31,35.87,34.71,26920400
15/06/2020,33.8,36.92,33.61,36.34,35.16,23794700
16/06/2020,38.51,38.63,35.52,36.57,35.39,30327500
17/06/2020,36.24,36.8,35.67,36.31,35.13,18721000
18/06/2020,35.65,36.57,35.41,35.85,34.69,13810100
19/06/2020,36.57,36.61,33.95,34.55,33.43,20499000
22/06/2020,34.03,34.82,33.64,34.36,33.25,14395700
23/06/2020,34.78,34.8,33.85,34.75,33.62,15215000
24/06/2020,34.0,34.27,32.23,32.25,31.21,19031700
25/06/2020,31.19,33.06,30.94,32.97,31.9,18182600
26/06/2020,33.13,33.15,31.18,31.96,30.93,23962000
29/06/2020,33.15,35.36,32.33,35.04,33.91,25720800
30/06/2020,34.98,34.99,33.57,34.18,33.07,18758400
01/07/2020,35.29,35.6,33.67,33.81,32.72,16127000
02/07/2020,34.7,34.92,33.96,34.12,33.02,12300600
06/07/2020,34.72,34.88,33.15,34.3,33.19,16454900
07/07/2020,33.49,33.54,32.94,33.01,31.94,10922100
08/07/2020,32.56,33.47,32.07,32.89,31.83,16028400
09/07/2020,32.47,32.73,31.3,31.57,30.55,17209500
10/07/2020,31.16,33.35,31.16,33.22,32.14,14939500
13/07/2020,33.42,33.53,32.27,32.64,31.58,15503400
14/07/2020,31.84,33.38,31.75,33.25,32.17,11588800
15/07/2020,35.03,36.1,34.27,35.75,34.59,21286100
16/07/2020,34.83,35.08,33.9,34.21,33.1,11389900
17/07/2020,34.07,34.52,33.82,34.13,33.02,7775600
20/07/2020,33.97,34.3,32.73,32.98,31.91,12541800
21/07/2020,33.33,34.16,33.25,33.62,32.53,11922600
22/07/2020,33.5,33.91,33.05,33.3,32.22,10424000
23/07/2020,32.75,34.16,32.06,32.79,31.73,22888500
24/07/2020,32.31,32.45,31.57,31.66,30.63,14976700
27/07/2020,31.57,31.93,31.24,31.53,30.51,9759000
28/07/2020,31.51,32.67,31.48,32.29,31.24,10257600
29/07/2020,32.58,32.63,31.48,31.79,30.76,11150800
30/07/2020,31.33,31.65,30.77,30.96,29.96,12316500
31/07/2020,30.8,31.02,30.24,30.89,29.89,11115400
03/08/2020,30.75,32.15,30.3,31.58,30.56,13462200
04/08/2020,31.7,32.27,31.38,31.4,30.38,12116700
05/08/2020,31.9,33.2,31.79,32.72,31.66,14899600
06/08/2020,33.26,33.35,32.32,33.02,31.95,15007900
07/08/2020,32.84,33.3,32.69,33.28,32.2,9381200
10/08/2020,33.65,35.15,33.55,34.99,33.86,15958000
11/08/2020,36.61,37.44,35.07,35.29,34.15,21870300
12/08/2020,35.83,36.08,34.36,35.25,34.11,13003000
13/08/2020,34.71,35.7,34.62,34.71,33.59,8576800
14/08/2020,34.3,35.13,34.2,34.9,33.77,7373400
17/08/2020,35.06,35.18,33.79,33.81,32.72,8113500
18/08/2020,33.82,34.25,33.54,34.16,33.05,7256100
19/08/2020,34.91,35.78,34.15,34.27,33.16,14959400
20/08/2020,33.65,34.58,33.48,34.46,33.34,9149300
21/08/2020,34.3,35.19,34.28,34.69,33.57,11435500
24/08/2020,35.29,36.94,34.96,36.91,35.71,15211900
25/08/2020,37.43,37.5,36.34,37.06,35.86,11774000
26/08/2020,36.91,37.07,36.33,36.38,35.2,7938200
27/08/2020,37.54,38.88,37.31,37.65,36.43,14342500
28/08/2020,38.11,39.06,37.59,38.81,37.55,14082600
31/08/2020,38.75,38.81,37.58,37.58,36.36,9824300
01/09/2020,36.84,38.67,36.56,37.91,36.68,10868600
02/09/2020,38.57,39.34,37.68,39.17,37.9,11157400
03/09/2020,39.28,40.66,37.85,38.74,37.49,16721400
04/09/2020,39.19,40.07,38.06,39.39,38.11,15543400
08/09/2020,39.18,40.8,39.18,40.5,39.19,15808600
09/09/2020,40.09,40.44,38.81,39.22,37.95,12211500
10/09/2020,39.52,39.95,38.87,38.94,37.68,9024800
11/09/2020,39.05,39.41,38.68,38.95,37.69,8044900
14/09/2020,39.35,40.25,39.06,40.06,38.76,9680700
15/09/2020,40.26,40.98,40.1,40.61,39.3,10131200
16/09/2020,40.52,42.88,40.28,42.1,40.74,19842600
17/09/2020,41.31,42.0,40.09,40.4,39.09,15234600
18/09/2020,39.77,40.51,39.31,39.83,38.54,21206300
21/09/2020,38.05,38.47,36.75,37.52,36.31,14266900
22/09/2020,37.35,38.2,37.11,38.12,36.89,10740000
23/09/2020,38.39,39.28,37.48,37.55,36.33,6797500
24/09/2020,37.03,37.42,35.82,36.86,35.67,10798800
25/09/2020,36.41,37.28,36.31,37.1,35.9,9297300
28/09/2020,38.07,39.11,37.57,38.24,37.0,9235200
29/09/2020,38.05,38.05,37.19,37.61,36.39,5232400
30/09/2020,38.33,39.08,37.4,37.5,36.29,10144900
01/10/2020,37.96,38.26,37.39,37.93,36.7,8186800
02/10/2020,36.14,39.32,36.05,38.76,37.51,11937400
05/10/2020,39.16,39.24,38.17,38.49,37.24,9304300
06/10/2020,38.97,39.34,37.53,37.58,36.36,10136000
07/10/2020,38.0,38.74,37.71,38.59,37.34,8679300
08/10/2020,39.0,39.6,38.03,38.99,37.73,9138800
09/10/2020,38.94,39.8,38.6,39.73,38.44,10501800
12/10/2020,39.49,39.89,39.05,39.19,37.92,7378500
13/10/2020,38.7,39.44,38.58,39.13,37.86,8839400
14/10/2020,39.25,39.99,39.16,39.25,37.98,6905300
15/10/2020,38.65,38.9,38.14,38.8,37.54,4492700
16/10/2020,39.03,39.89,39.01,39.68,38.4,7333400
19/10/2020,40.0,40.75,39.57,39.85,38.56,8592200
20/10/2020,40.5,40.9,40.08,40.16,38.86,7203900
21/10/2020,40.0,40.17,39.53,39.84,38.55,6532600
22/10/2020,40.13,42.55,40.08,41.93,40.57,13663900
23/10/2020,42.04,43.39,41.53,42.79,41.4,12518700
26/10/2020,42.08,42.48,40.4,41.1,39.77,9712900
27/10/2020,40.7,41.02,39.78,39.93,38.64,6525100
28/10/2020,38.87,39.38,37.48,38.14,36.91,12101000
29/10/2020,38.09,39.87,37.95,39.57,38.29,8383600
30/10/2020,39.39,40.2,38.98,39.53,38.25,11253900
02/11/2020,39.93,39.94,37.95,38.4,37.16,11362000
03/11/2020,39.23,39.4,38.67,38.85,37.59,7275300
04/11/2020,38.85,39.65,38.05,38.93,37.67,8999900
05/11/2020,39.44,41.25,39.38,41.05,39.72,8070200
06/11/2020,40.74,40.93,39.77,40.01,38.71,5993300
09/11/2020,46.85,49.47,43.79,43.89,42.47,30140200
10/11/2020,43.88,45.12,43.33,44.81,43.36,16842600
11/11/2020,44.9,44.91,42.66,43.22,41.82,10332700
12/11/2020,41.78,43.28,41.4,41.92,40.56,11046100
13/11/2020,42.17,44.15,42.11,43.88,42.46,7828700
16/11/2020,46.06,46.2,44.54,45.58,44.1,14330000
17/11/2020,44.86,46.24,44.43,45.66,44.18,8384500
18/11/2020,46.82,47.28,45.6,45.6,44.12,11424700
19/11/2020,45.53,46.46,45.41,46.08,44.59,6628600
20/11/2020,46.05,46.05,45.04,45.54,44.07,6587800
23/11/2020,46.11,46.95,45.28,46.81,45.29,10113000
24/11/2020,48.9,49.23,47.65,48.25,46.69,12108800
25/11/2020,48.47,48.57,47.5,48.27,46.71,7281800
27/11/2020,48.25,48.74,47.65,47.73,46.18,4051900
30/11/2020,47.65,47.7,46.04,46.34,44.84,8791500
01/12/2020,46.55,48.09,46.5,47.27,45.74,7540000
02/12/2020,46.88,47.76,46.46,47.44,45.9,6054700
03/12/2020,47.95,49.53,47.66,47.82,46.27,9892200
04/12/2020,48.37,48.79,47.07,47.59,46.05,7615800
07/12/2020,48.34,48.43,47.51,47.89,46.34,8097400
08/12/2020,47.3,47.93,47.06,47.28,45.75,9132100
09/12/2020,47.34,47.54,45.25,45.76,44.28,20733700
10/12/2020,45.09,47.0,45.02,46.8,45.28,8322900
11/12/2020,46.0,46.59,45.16,45.88,44.39,7638000
14/12/2020,46.58,46.6,45.24,45.26,43.79,6939700
15/12/2020,45.68,46.49,44.95,46.42,44.92,5969900
16/12/2020,46.42,46.42,45.27,45.73,44.25,6441800
17/12/2020,45.8,46.4,45.45,46.39,44.89,6368700
18/12/2020,46.22,46.34,45.66,46.03,44.54,8398100
21/12/2020,44.76,46.13,44.45,45.8,44.32,7656900
22/12/2020,46.0,46.15,44.98,45.32,43.85,4546200
23/12/2020,45.47,47.1,45.47,46.75,45.24,6474200
24/12/2020,47.0,47.09,45.81,46.28,44.78,2973400
28/12/2020,46.87,47.17,46.11,46.12,44.63,5476600
29/12/2020,46.35,46.77,45.97,46.15,44.66,4749500
30/12/2020,46.21,46.93,46.13,46.41,44.91,4845600
31/12/2020,46.18,46.78,45.68,46.61,45.1,5305600
04/01/2021,46.48,46.54,44.56,45.04,43.58,10256300
05/01/2021,44.9,46.12,44.84,45.64,44.16,5204400
06/01/2021,45.5,46.97,45.37,46.75,45.24,7492800
07/01/2021,46.75,47.84,46.73,47.33,45.8,6282300
08/01/2021,47.64,47.94,46.71,46.98,45.46,4770600
11/01/2021,46.51,48.04,46.12,47.44,45.9,7911800
12/01/2021,47.7,48.48,47.28,48.13,46.57,5356800
13/01/2021,47.89,48.43,47.48,47.99,46.44,6261900
14/01/2021,48.65,49.47,48.44,48.82,47.24,8090600
15/01/2021,48.58,48.71,46.64,46.66,45.15,7359100
19/01/2021,47.2,47.65,46.76,46.91,45.39,4780700
20/01/2021,47.1,48.45,46.9,48.21,46.65,6972500
21/01/2021,47.75,47.94,47.12,47.77,46.22,5662600
22/01/2021,47.18,47.75,47.07,47.39,45.86,4812500
25/01/2021,47.28,47.34,45.17,45.62,44.14,13345700
26/01/2021,45.75,46.22,45.6,45.81,44.33,5667200
27/01/2021,45.25,45.7,43.87,44.15,42.72,10428700
28/01/2021,45.16,46.25,44.33,44.6,43.16,12404600
29/01/2021,44.25,44.95,43.72,43.94,42.52,9854900
01/02/2021,44.34,45.19,44.09,44.79,43.34,5861200
02/02/2021,45.6,46.18,45.35,45.62,44.14,6203500
03/02/2021,45.6,46.87,45.5,46.55,45.04,6118700
04/02/2021,46.79,49.18,46.71,49.13,47.54,10621700
05/02/2021,49.76,50.89,49.11,50.05,48.43,10472600
08/02/2021,50.52,53.29,50.21,52.24,50.55,11359100
09/02/2021,51.53,51.75,50.53,51.18,49.52,5409800
10/02/2021,51.5,52.34,51.16,51.28,49.62,7570800
11/02/2021,51.02,51.48,50.34,51.42,49.76,5240300
12/02/2021,51.3,51.84,50.97,51.34,49.68,4660000
16/02/2021,51.81,52.02,50.82,51.96,50.28,7402600
17/02/2021,51.7,52.53,51.21,52.44,50.74,6255300
18/02/2021,51.93,52.2,50.97,51.95,50.27,5030900
19/02/2021,52.23,53.84,52.1,52.81,51.1,6334600
22/02/2021,54.03,55.74,53.29,54.79,53.02,11268100
23/02/2021,56.2,57.42,54.31,56.72,54.88,13654500
24/02/2021,57.6,59.64,57.38,59.29,57.37,14871700
25/02/2021,59.15,59.26,57.08,58.31,56.42,16988200
26/02/2021,57.42,58.69,57.0,58.13,56.25,9763300
01/03/2021,59.55,59.84,57.67,58.06,56.18,11350700
02/03/2021,57.7,58.4,57.22,57.81,55.94,6558200
03/03/2021,58.47,58.67,57.6,57.82,55.95,8552500
04/03/2021,57.72,57.88,54.26,56.08,54.26,12853300
05/03/2021,56.36,57.13,52.29,56.92,55.08,11420700
08/03/2021,58.01,60.7,57.55,60.55,58.59,15098100
09/03/2021,60.17,60.25,58.2,58.93,57.02,7309900
10/03/2021,58.8,59.69,57.96,58.51,56.62,6449400
11/03/2021,58.93,59.43,58.13,58.47,56.58,7295300
12/03/2021,58.41,61.16,58.3,61.03,59.05,10182800
15/03/2021,62.05,62.76,60.82,62.1,60.09,11155700
16/03/2021,62.26,62.3,60.53,60.54,58.58,5928500
17/03/2021,60.1,61.94,60.1,61.77,59.77,6268900
18/03/2021,61.63,62.28,60.81,60.94,58.97,8020500
19/03/2021,60.65,61.48,59.63,61.05,59.07,9363800
22/03/2021,60.53,60.95,59.42,59.46,57.53,8093400
23/03/2021,59.0,60.38,57.06,57.62,55.75,9849900
24/03/2021,58.59,59.66,57.69,57.7,55.83,6733400
25/03/2021,56.61,59.96,56.42,59.91,57.97,6826300
26/03/2021,60.45,61.42,59.79,61.29,59.31,6463100
29/03/2021,61.87,62.37,60.37,60.96,58.99,7357000
30/03/2021,61.15,62.22,61.06,61.91,59.91,5999900
31/03/2021,61.63,61.99,60.95,61.06,59.08,5721000
01/04/2021,61.27,61.56,60.76,61.3,59.32,4975200
05/04/2021,62.45,64.32,62.23,62.97,60.93,7378100
06/04/2021,63.5,64.64,63.24,64.1,62.02,5777900
07/04/2021,63.9,64.14,62.96,63.52,61.46,4320500
08/04/2021,63.12,63.49,62.03,63.46,61.41,5206900
09/04/2021,63.3,63.58,62.52,63.42,61.37,4086400
12/04/2021,63.29,63.34,61.96,62.66,60.63,4537900
13/04/2021,61.85,63.44,60.63,63.23,61.18,8635400
14/04/2021,64.19,64.75,62.79,63.03,60.99,6035000
15/04/2021,63.43,63.53,62.13,62.94,60.9,5148900
16/04/2021,63.23,63.41,62.05,62.39,60.37,5082900
19/04/2021,62.29,62.37,61.38,62.03,60.02,4855000
20/04/2021,61.07,61.17,59.26,59.85,57.91,6112500
21/04/2021,59.62,62.07,58.91,62.04,60.03,7307100
22/04/2021,63.0,63.7,61.01,61.07,59.09,9786200
23/04/2021,61.31,61.8,60.75,61.53,59.54,5019800
26/04/2021,62.13,62.88,61.44,61.97,59.96,4953900
27/04/2021,61.97,62.52,61.36,62.4,60.38,4435000
28/04/2021,62.09,62.5,61.59,61.77,59.77,4457300
29/04/2021,62.13,62.65,61.74,62.27,60.25,4105400
30/04/2021,61.9,63.04,61.8,62.78,60.75,4676800
03/05/2021,63.01,63.07,61.65,62.15,60.14,4133600
04/05/2021,61.72,62.03,60.1,60.82,58.85,6293500
05/05/2021,60.77,61.84,60.39,60.83,58.86,7451300
06/05/2021,60.97,61.22,59.85,60.69,58.73,4452800
07/05/2021,60.68,62.15,60.45,61.66,59.66,5174700
10/05/2021,61.85,62.34,61.33,61.35,59.36,4178600
11/05/2021,60.1,60.72,58.79,59.78,57.84,6483100
12/05/2021,59.47,60.38,58.08,58.21,56.33,5999400
13/05/2021,58.97,60.4,58.64,59.93,57.99,5562600
14/05/2021,60.71,62.58,60.45,62.3,60.28,8033100
17/05/2021,62.25,62.44,61.12,62.1,60.09,5955100
18/05/2021,62.39,63.68,61.83,62.07,60.06,5298300
19/05/2021,61.0,61.18,59.56,60.39,58.43,8732100
20/05/2021,60.92,60.92,59.29,59.92,57.98,7798300
21/05/2021,60.26,60.6,59.97,60.09,58.14,4885800
24/05/2021,60.46,61.05,59.81,60.68,58.72,4038100
25/05/2021,61.71,62.39,60.47,60.55,58.59,7029200
26/05/2021,60.75,61.34,60.43,61.21,59.23,4526600
27/05/2021,61.61,61.8,61.07,61.73,59.73,4437900
28/05/2021,61.63,61.77,61.08,61.46,59.47,3517100
01/06/2021,61.94,62.26,61.09,61.35,59.36,5313700
02/06/2021,61.68,61.92,60.61,60.87,58.9,5327800
03/06/2021,60.16,60.34,58.14,58.26,56.37,9963500
04/06/2021,58.64,58.85,57.91,58.55,56.65,5000900
07/06/2021,58.69,58.92,57.92,58.28,56.39,4756800
08/06/2021,58.86,59.3,58.31,58.9,56.99,4830000
09/06/2021,59.0,59.17,58.2,58.42,56.53,4740100
10/06/2021,58.85,59.14,57.47,57.5,55.64,4570600
11/06/2021,57.44,58.06,57.41,57.57,55.71,5059600
14/06/2021,57.5,58.07,56.93,57.28,55.43,4908300
15/06/2021,57.46,57.85,56.77,57.12,55.27,6430700
16/06/2021,57.06,57.49,56.33,56.67,54.84,5947700
17/06/2021,56.78,57.14,55.05,55.57,53.77,8334200
18/06/2021,55.0,55.69,54.67,55.19,53.4,8798300
21/06/2021,55.3,56.47,55.29,56.3,54.48,5470100
22/06/2021,56.1,56.32,55.41,55.75,53.95,4694100
23/06/2021,55.5,55.72,54.98,55.19,53.4,6157800
24/06/2021,55.53,55.62,54.62,54.66,52.89,8134800
25/06/2021,54.69,54.87,54.23,54.55,52.78,6555800
28/06/2021,54.25,54.25,52.86,53.23,51.51,8319700
29/06/2021,52.96,53.72,52.55,52.92,51.21,8078100
30/06/2021,53.1,53.56,52.84,53.09,51.37,6859900
01/07/2021,53.6,54.39,53.34,53.86,52.12,7113800
02/07/2021,53.98,54.04,53.31,53.66,51.92,6747600
06/07/2021,53.76,54.01,52.14,52.36,50.66,7819300
07/07/2021,52.29,52.67,51.12,51.38,49.72,9116600
08/07/2021,50.5,51.91,50.1,51.19,49.53,8425500
09/07/2021,52.0,52.97,51.78,52.84,51.13,6773900
12/07/2021,52.7,53.08,51.72,52.98,51.26,6919800
13/07/2021,52.5,52.63,51.5,51.57,49.9,6646800
14/07/2021,52.34,52.58,51.57,51.98,50.3,8445300
15/07/2021,51.65,52.46,51.37,51.78,50.1,6245400
16/07/2021,52.13,52.25,49.7,49.91,48.29,8234900
19/07/2021,48.04,48.96,47.37,48.5,46.93,15481100
20/07/2021,48.86,51.59,48.56,51.43,49.76,12772800
21/07/2021,52.09,53.52,52.08,53.13,51.41,13951600
22/07/2021,52.1,52.27,50.84,51.29,49.63,14707500
23/07/2021,51.42,52.01,50.56,50.7,49.06,8826500
26/07/2021,50.38,51.85,50.38,51.78,50.1,6376700
27/07/2021,51.52,51.76,50.74,51.15,49.49,4807300
28/07/2021,51.48,52.12,50.8,51.76,50.08,6798800
29/07/2021,52.18,52.4,51.54,51.55,49.88,5902100
30/07/2021,51.04,51.76,50.38,50.52,48.88,6562200
02/08/2021,50.6,51.51,49.65,49.74,48.13,7399000
03/08/2021,49.84,50.66,49.11,50.65,49.01,6208000
04/08/2021,49.81,50.19,48.5,48.9,47.32,11491500
05/08/2021,49.1,50.76,49.05,50.45,48.82,6904000
06/08/2021,51.14,51.17,50.06,50.72,49.08,5065900
09/08/2021,50.1,50.13,48.93,49.71,48.1,5649800
10/08/2021,49.8,51.63,49.61,51.11,49.46,5503200
11/08/2021,49.86,51.97,49.77,51.84,50.16,8714900
12/08/2021,51.42,51.57,50.57,50.99,49.34,5739800
13/08/2021,50.9,51.05,50.29,50.41,48.78,4979700
16/08/2021,50.0,50.45,49.47,50.11,48.49,5784000
17/08/2021,49.35,49.42,48.14,48.73,47.15,7226900
18/08/2021,48.56,49.47,48.33,48.44,46.87,6526600
19/08/2021,48.18,48.38,46.95,47.46,45.92,7762100
20/08/2021,47.3,47.9,47.29,47.36,45.83,5193200
23/08/2021,48.13,48.95,48.03,48.71,47.13,9345800
24/08/2021,49.5,51.1,49.5,50.81,49.16,8703100
25/08/2021,50.84,52.02,50.33,51.25,49.59,8039500
26/08/2021,50.93,51.3,49.83,50.27,48.64,5779400
27/08/2021,50.31,51.34,50.31,50.88,49.23,5940900
30/08/2021,51.03,51.13,49.11,49.17,47.58,6216300
31/08/2021,49.02,50.03,48.89,49.78,48.17,6431200
01/09/2021,50.0,50.11,49.42,49.55,47.95,4509200
02/09/2021,49.56,50.16,49.04,49.6,47.99,4966700
03/09/2021,49.34,49.82,48.67,48.86,47.28,5201800
07/09/2021,48.36,48.74,47.99,48.53,46.96,6474400
08/09/2021,48.76,49.38,48.09,48.12,46.56,4901900
09/09/2021,47.91,50.19,47.82,49.23,47.64,7098200
10/09/2021,49.38,49.42,47.87,47.9,46.35,6585100
13/09/2021,48.53,49.07,47.49,48.73,47.15,5511900
14/09/2021,48.53,48.96,47.73,48.03,46.47,4827500
15/09/2021,48.1,48.49,47.34,48.46,46.89,4800100
16/09/2021,48.88,49.52,48.6,49.12,47.53,5701300
17/09/2021,49.39,49.83,48.57,49.08,47.49,7289500
20/09/2021,48.83,49.64,47.92,49.58,47.97,7771200
21/09/2021,49.8,50.31,48.81,49.15,47.56,7660400
22/09/2021,49.37,51.23,49.37,50.65,49.01,9763600
23/09/2021,51.23,52.79,51.05,52.32,50.63,10282400
24/09/2021,52.4,53.2,52.23,52.85,51.14,7030200
27/09/2021,53.5,54.4,52.84,52.96,51.25,8380100
28/09/2021,52.91,53.62,52.57,53.05,51.33,6898900
29/09/2021,53.2,53.37,52.41,52.54,50.84,4848800
30/09/2021,52.2,52.25,50.88,51.43,49.76,6404600
01/10/2021,53.77,54.71,52.71,54.35,52.59,12554000
04/10/2021,55.72,56.33,54.8,55.06,53.28,11905900
05/10/2021,54.94,55.49,54.38,54.47,52.71,5505200
06/10/2021,53.57,54.5,52.92,54.45,52.69,6351600
07/10/2021,54.89,54.98,54.01,54.04,52.29,5066200
08/10/2021,54.29,54.37,53.52,53.92,52.17,3220100
11/10/2021,51.99,53.33,51.6,51.67,50.0,15630900
12/10/2021,51.73,52.46,51.37,52.18,50.49,8399400
13/10/2021,51.87,51.89,50.66,51.25,49.59,8532100
14/10/2021,51.65,52.09,51.4,51.51,49.84,6090900
15/10/2021,52.24,52.49,50.3,50.36,48.73,7598000
18/10/2021,50.01,50.67,49.65,49.77,48.16,6134200
19/10/2021,49.59,49.83,49.21,49.38,47.78,6543600
20/10/2021,49.06,49.97,48.86,49.47,47.87,6995800
21/10/2021,49.3,49.41,48.42,48.66,47.08,10788300
22/10/2021,48.15,48.46,47.42,47.63,46.09,7623200
25/10/2021,47.49,47.88,47.21,47.48,45.94,5916300
26/10/2021,48.0,48.15,47.32,47.59,46.05,6975000
27/10/2021,47.6,47.67,46.51,46.57,45.06,6391500
28/10/2021,46.53,47.43,46.44,47.24,45.71,6011800
29/10/2021,47.02,47.42,46.76,47.28,45.75,6079600
01/11/2021,47.34,49.13,47.06,49.13,47.54,8375000
02/11/2021,49.17,49.38,48.61,48.91,47.33,6211600
03/11/2021,48.92,49.85,48.59,49.46,47.86,5590600
04/11/2021,49.64,49.84,48.71,49.07,47.48,6709000
05/11/2021,50.98,52.55,50.92,52.23,50.54,13022700
08/11/2021,52.5,52.79,51.2,51.37,49.71,8151300
09/11/2021,51.15,51.41,50.27,50.91,49.26,8148500
10/11/2021,50.24,50.84,49.34,49.69,48.08,6815300
11/11/2021,49.72,49.98,49.07,49.08,47.49,5117500
12/11/2021,49.07,49.07,47.83,48.42,46.85,6455100
15/11/2021,49.06,49.38,48.63,49.13,47.54,4400600
16/11/2021,48.46,48.57,47.5,47.6,46.06,8331100
17/11/2021,47.41,47.61,46.89,47.4,45.87,6664900
18/11/2021,47.39,47.42,46.03,46.37,44.87,7392700
19/11/2021,46.18,46.99,45.38,46.83,45.31,9870900
22/11/2021,47.09,48.03,46.97,47.72,46.17,8300100
23/11/2021,48.11,48.31,46.92,46.98,45.46,6264400
24/11/2021,46.5,47.11,46.3,46.99,45.47,4977600
26/11/2021,44.8,45.48,43.81,44.96,43.5,11570900
29/11/2021,45.74,45.91,44.21,44.54,43.1,9893600
30/11/2021,43.95,44.78,43.16,44.4,42.96,12149100
01/12/2021,44.99,45.54,42.39,42.55,41.17,14225800
02/12/2021,43.2,45.56,42.84,45.34,43.87,12908200
03/12/2021,45.06,45.6,43.64,44.28,42.85,8508200
06/12/2021,44.99,46.96,44.99,45.56,44.08,13262600
07/12/2021,46.23,46.75,44.85,45.21,43.75,11351700
08/12/2021,44.56,46.27,44.56,45.27,43.8,12788200
09/12/2021,44.1,44.37,43.37,43.61,42.2,15789200
10/12/2021,42.48,42.91,41.56,41.97,40.61,17075600
13/12/2021,41.47,41.73,40.05,40.48,39.17,12916500
14/12/2021,40.35,41.22,40.08,40.24,38.94,9601200
15/12/2021,40.01,40.35,39.33,40.11,38.81,13099000
16/12/2021,40.74,40.75,39.4,39.53,38.25,13408000
17/12/2021,39.48,40.49,39.08,39.66,38.38,15175600
20/12/2021,38.91,39.96,38.66,39.36,38.09,12253100
21/12/2021,39.72,41.41,39.64,40.87,39.55,12569900
22/12/2021,40.85,41.6,40.46,41.12,39.79,8616000
23/12/2021,41.78,41.97,41.2,41.87,40.51,6587800
27/12/2021,41.03,41.91,40.68,41.76,40.41,6929200
28/12/2021,41.61,42.78,41.42,42.29,40.92,6561000
29/12/2021,42.23,42.56,41.8,42.16,40.8,6724000
30/12/2021,41.99,43.19,41.85,42.72,41.34,7673900
31/12/2021,42.61,43.16,42.61,42.84,41.45,5932100
03/01/2022,43.17,44.26,42.51,44.0,42.58,10571400
04/01/2022,44.71,45.54,44.48,44.66,43.21,11207000
05/01/2022,44.95,45.2,43.8,43.99,42.57,9702000
06/01/2022,44.48,44.68,43.07,43.89,42.47,6750700
07/01/2022,44.19,45.68,44.11,45.35,43.88,7479100
10/01/2022,45.62,45.71,44.29,45.24,43.78,7710800
11/01/2022,45.35,46.25,45.29,45.83,44.35,6813200
12/01/2022,45.54,45.93,44.72,45.21,43.75,7831000
13/01/2022,45.32,46.49,45.24,45.79,44.31,8185900
14/01/2022,45.56,45.91,44.97,45.82,44.34,6241100
18/01/2022,45.5,46.2,45.16,45.43,43.96,6734000
19/01/2022,45.38,45.69,44.4,44.43,42.99,5475300
20/01/2022,44.76,45.75,44.26,44.34,42.9,7172700
21/01/2022,44.25,44.39,43.16,43.37,41.97,7899700
24/01/2022,42.38,43.95,41.88,43.87,42.45,11296800
25/01/2022,43.4,44.16,42.88,43.85,42.43,6803400
26/01/2022,44.4,45.35,43.35,43.71,42.29,10785800
27/01/2022,43.29,44.58,42.45,42.82,41.43,8960900
28/01/2022,42.79,42.96,40.63,42.93,41.54,10975900
31/01/2022,42.51,44.83,42.28,44.76,43.31,8199900
01/02/2022,45.0,45.83,44.86,45.18,43.72,6593200
02/02/2022,44.65,44.97,43.57,44.29,42.86,7955500
03/02/2022,44.12,44.43,43.33,43.44,42.03,5512200
04/02/2022,43.15,43.95,42.76,43.66,42.25,5073900
07/02/2022,44.47,45.11,43.93,44.6,43.16,7478500
08/02/2022,45.0,46.16,44.75,46.07,44.58,9563800
09/02/2022,46.51,47.74,46.4,47.02,45.5,9549800
10/02/2022,46.68,47.47,46.37,46.53,45.02,7231600
11/02/2022,46.59,47.01,44.72,45.53,44.06,8422200
14/02/2022,45.67,46.37,44.91,45.38,43.91,6002300
15/02/2022,46.5,47.47,46.36,47.3,45.77,6872100
16/02/2022,46.89,47.64,46.73,47.42,45.88,5773200
17/02/2022,47.0,47.19,46.01,46.38,44.88,5538300
18/02/2022,46.25,46.93,45.8,45.98,44.49,5037800
22/02/2022,45.39,46.25,45.06,45.62,44.14,7196600
23/02/2022,46.08,46.22,43.96,44.01,42.59,7070800
24/02/2022,41.52,44.52,41.2,44.34,42.9,10439300
25/02/2022,44.82,45.65,44.61,45.14,43.68,6627700
28/02/2022,44.35,44.84,43.3,43.8,42.38,10361100
01/03/2022,43.4,43.56,41.28,41.95,40.59,11235300
02/03/2022,42.5,43.06,41.96,42.32,40.95,8702600
03/03/2022,43.2,43.37,41.41,41.67,40.32,10376000
04/03/2022,40.84,41.17,40.07,40.68,39.36,8594700
07/03/2022,40.39,40.69,36.75,37.19,35.99,17624500
08/03/2022,37.71,40.76,36.85,39.16,37.89,15028100
09/03/2022,40.85,41.4,40.03,40.66,39.34,12104700
10/03/2022,40.0,41.49,39.66,41.03,39.7,9483400
11/03/2022,41.8,41.89,40.1,40.24,38.94,8790500
14/03/2022,40.59,41.11,39.21,40.1,38.8,7576000
15/03/2022,42.0,43.36,41.21,42.06,40.7,11080800
16/03/2022,42.85,43.27,41.83,43.12,41.72,12849000
17/03/2022,42.04,42.8,41.79,42.78,41.39,9449600
18/03/2022,42.64,43.49,42.24,43.24,41.84,7862300
21/03/2022,42.5,43.16,42.26,42.78,41.39,6251200
22/03/2022,43.0,43.59,42.63,43.06,41.67,5393600
23/03/2022,42.72,43.36,42.66,42.87,41.48,4301900
24/03/2022,42.97,44.0,42.61,43.92,42.5,4528800
25/03/2022,44.04,44.72,43.93,44.38,42.94,4416300
28/03/2022,44.65,44.93,43.89,44.42,42.98,4071400
29/03/2022,45.53,46.19,45.06,45.33,43.86,6100100
30/03/2022,44.96,45.69,44.77,45.57,44.09,4687200
31/03/2022,45.69,46.39,45.6,45.8,44.32,5033300
01/04/2022,45.92,46.26,45.47,45.91,44.42,6013000
04/04/2022,45.85,46.1,44.99,45.93,44.44,4092400
05/04/2022,46.01,46.23,44.61,45.21,43.75,6874500
06/04/2022,44.28,44.4,42.61,43.73,42.31,7428900
07/04/2022,43.39,43.45,41.28,42.39,41.02,10010200
08/04/2022,42.34,42.43,41.18,41.24,39.9,7704000
11/04/2022,41.13,42.96,41.04,42.62,41.24,5991600
12/04/2022,42.9,42.96,42.17,42.82,41.43,5368200
13/04/2022,44.44,46.07,44.12,46.05,44.56,11063300
14/04/2022,46.44,47.16,46.27,46.76,45.25,7226100
18/04/2022,46.45,46.87,46.04,46.26,44.76,4808200
19/04/2022,46.62,47.7,46.62,47.35,45.82,6060900
20/04/2022,47.57,48.07,47.16,47.33,45.8,5877500
21/04/2022,48.93,50.1,48.22,48.38,46.81,11926000
22/04/2022,48.39,48.9,46.81,46.85,45.33,6508300
25/04/2022,46.31,46.52,45.26,46.43,44.93,7064300
26/04/2022,46.06,46.35,44.75,45.02,43.56,5280400
27/04/2022,45.04,46.21,44.54,45.94,44.45,6407800
28/04/2022,47.55,47.55,46.07,46.9,45.38,8729000
29/04/2022,47.14,48.13,46.57,46.72,45.21,5954200
02/05/2022,46.4,47.06,45.26,46.53,45.02,6499800
03/05/2022,46.92,47.48,46.04,47.25,45.72,5384100
04/05/2022,46.9,48.18,46.35,48.07,46.51,4917800
05/05/2022,47.26,48.0,46.56,47.0,45.48,4652300
06/05/2022,46.8,46.8,45.37,46.12,44.63,4112500
09/05/2022,45.44,45.73,43.45,43.83,42.41,6505500
10/05/2022,44.35,45.42,43.68,44.59,43.15,6243700
11/05/2022,44.42,45.52,42.92,43.01,41.62,5743400
12/05/2022,42.41,43.49,41.43,42.33,40.96,6552900
13/05/2022,43.03,43.32,42.55,42.99,41.6,5144500
16/05/2022,42.69,43.7,42.6,43.18,41.78,4578200
17/05/2022,44.46,45.16,44.05,45.11,43.65,4051100
18/05/2022,44.52,45.35,44.02,44.23,42.8,4581200
19/05/2022,43.66,44.49,43.38,43.57,42.16,4295200
20/05/2022,44.3,44.4,41.65,42.65,41.27,4517800
23/05/2022,43.2,43.71,42.56,43.38,41.98,3287500
24/05/2022,42.61,42.79,41.55,41.73,40.38,3898700
25/05/2022,41.72,42.55,41.37,42.45,41.08,3903700
26/05/2022,43.42,45.44,43.18,45.0,43.54,5327400
27/05/2022,45.36,46.12,45.26,45.8,44.32,3279900
31/05/2022,44.91,46.28,44.75,45.86,44.38,5234000
01/06/2022,46.4,46.46,43.98,44.15,42.72,4725000
02/06/2022,44.13,44.59,43.6,44.57,43.13,4494400
03/06/2022,43.87,44.15,43.06,43.84,42.42,3647500
06/06/2022,44.54,44.84,43.85,44.42,42.98,3354700
07/06/2022,43.9,44.91,43.69,44.88,43.43,2707500
08/06/2022,43.95,44.64,43.22,43.37,41.97,4160200
09/06/2022,43.2,43.34,42.02,42.04,40.68,4665400
10/06/2022,41.42,42.09,39.93,40.14,38.84,8413000
13/06/2022,39.0,39.26,37.42,37.62,36.4,7051500
14/06/2022,37.95,38.22,36.46,37.22,36.01,8193900
15/06/2022,37.67,38.13,36.71,37.23,36.02,7937600
16/06/2022,36.13,36.3,34.71,34.98,33.85,8811600
17/06/2022,35.13,35.87,34.36,35.63,34.48,8812300
21/06/2022,36.0,36.34,35.19,35.32,34.18,8449800
22/06/2022,35.32,35.98,34.86,35.69,34.53,6702000
23/06/2022,36.02,36.26,34.9,35.94,34.78,6503300
24/06/2022,36.02,37.84,35.92,37.73,36.51,6657700
27/06/2022,37.83,37.86,36.8,36.99,35.79,4198200
28/06/2022,37.45,38.4,36.55,36.65,35.46,5945600
29/06/2022,36.37,36.51,35.82,36.18,35.01,4330200
30/06/2022,35.29,36.32,34.88,36.12,34.95,6157000
01/07/2022,36.09,36.93,35.85,36.73,35.54,4375600
05/07/2022,35.72,36.55,35.06,36.51,35.33,6514100
06/07/2022,36.17,36.91,35.8,36.31,35.13,5000400
07/07/2022,36.71,37.1,36.34,36.72,35.53,4127200
08/07/2022,36.71,37.08,36.27,36.7,35.51,3820000
11/07/2022,36.42,37.03,36.22,36.83,35.64,5360700
12/07/2022,37.4,39.08,37.31,38.54,37.29,8130800
13/07/2022,37.28,38.87,37.03,38.8,37.54,10121900
14/07/2022,38.31,39.29,38.1,38.46,37.21,5987800
15/07/2022,39.05,39.72,38.37,39.58,38.3,5121500
18/07/2022,40.15,40.92,39.75,39.95,38.66,5433800
19/07/2022,40.52,41.64,40.52,41.49,40.15,5068900
20/07/2022,41.44,41.76,40.83,41.5,40.16,5162000
21/07/2022,40.59,40.92,40.1,40.89,39.57,7632700
22/07/2022,41.16,41.26,40.22,40.24,38.94,5456900
25/07/2022,40.27,40.67,39.66,40.62,39.3,4511000
26/07/2022,40.2,40.37,39.49,39.6,38.32,5087000
27/07/2022,40.75,41.07,40.02,40.77,39.45,6018900
28/07/2022,38.38,38.77,36.96,38.15,36.91,16592800
29/07/2022,37.73,38.42,37.61,38.12,36.89,7902100
01/08/2022,38.0,38.49,37.34,38.31,37.07,5595500
02/08/2022,37.95,38.41,37.56,37.62,36.4,5486700
03/08/2022,37.76,39.18,37.68,39.0,37.74,6452500
04/08/2022,39.18,39.48,38.68,38.79,37.53,4965000
05/08/2022,38.37,39.0,38.33,38.81,37.55,4604400
08/08/2022,38.93,39.66,38.93,39.08,37.81,5405300
09/08/2022,38.75,39.13,38.03,38.34,37.1,3032000
10/08/2022,39.15,39.66,38.98,39.28,38.01,3363200
11/08/2022,39.85,40.05,38.88,38.97,37.71,5047900
12/08/2022,39.5,39.57,38.92,39.46,38.18,3207300
15/08/2022,39.32,40.39,39.23,39.64,38.36,4722600
16/08/2022,39.6,40.2,39.35,39.87,38.58,4716900
17/08/2022,39.27,39.66,38.36,38.94,37.68,5492600
18/08/2022,38.97,39.05,38.42,38.98,37.72,2981300
19/08/2022,38.48,38.61,37.63,37.88,36.65,4382700
22/08/2022,37.25,37.49,36.93,37.47,36.26,5254300
23/08/2022,37.6,37.96,37.35,37.47,36.26,4717000
24/08/2022,37.6,38.08,37.43,37.8,36.58,6097300
25/08/2022,38.08,38.86,37.96,38.55,37.3,3446400
26/08/2022,38.53,38.74,37.42,37.53,36.31,3998300
29/08/2022,37.0,37.7,36.95,37.43,36.22,4072000
30/08/2022,37.7,37.87,36.99,37.2,36.0,4248700
31/08/2022,37.45,37.68,36.68,36.7,35.51,4097900
01/09/2022,36.32,36.64,35.84,36.63,35.44,3932300
02/09/2022,37.09,37.51,36.51,36.74,35.55,3791300
06/09/2022,37.09,37.35,36.3,36.74,35.55,4481800
07/09/2022,36.77,37.87,36.77,37.79,36.57,5394700
08/09/2022,37.3,37.78,36.97,37.66,36.44,5087700
09/09/2022,37.84,38.46,37.77,38.37,37.13,5733100
12/09/2022,38.73,39.14,38.59,38.77,37.51,6078000
13/09/2022,37.88,38.12,37.26,37.49,36.28,4348500
14/09/2022,37.31,38.07,36.66,38.03,36.8,4203700
15/09/2022,37.77,37.82,36.88,36.9,35.71,9367100
16/09/2022,36.41,36.42,34.66,34.73,33.61,12677800
19/09/2022,34.67,36.06,34.61,35.88,34.72,7935300
20/09/2022,35.57,35.62,34.72,35.09,33.95,4953900
21/09/2022,34.55,35.27,34.12,34.12,33.02,6164900
22/09/2022,34.0,34.07,32.76,33.0,31.93,6564500
23/09/2022,32.4,32.6,31.57,32.05,31.01,7767500
26/09/2022,31.78,32.33,31.3,31.37,30.35,6957700
27/09/2022,31.86,32.06,31.21,31.5,30.48,6169600
28/09/2022,31.51,32.55,31.45,32.43,31.38,6910300
29/09/2022,31.93,32.08,31.4,31.64,30.62,5638400
30/09/2022,31.35,31.61,30.79,30.84,29.84,6907600
03/10/2022,30.84,31.37,30.2,31.22,30.21,5734600
04/10/2022,32.05,33.32,32.05,33.19,32.12,7459700
05/10/2022,32.49,33.28,32.31,32.99,31.92,4884300
06/10/2022,32.92,33.22,32.4,32.54,31.49,4264300
07/10/2022,32.26,32.42,31.42,31.87,30.84,4428800
10/10/2022,31.85,32.29,31.63,31.66,30.63,4906600
11/10/2022,32.41,32.68,30.92,31.41,30.39,5624600
12/10/2022,31.16,31.78,31.01,31.59,30.57,4365500
13/10/2022,31.09,32.8,30.65,32.43,31.38,6616000
14/10/2022,32.96,33.31,32.29,32.76,31.7,5843000
17/10/2022,33.59,33.62,32.39,32.72,31.66,4665700
18/10/2022,33.38,33.62,32.98,33.31,32.23,4766200
19/10/2022,33.98,34.23,32.76,33.12,32.05,8804100
20/10/2022,33.44,33.69,32.79,32.81,31.75,4843600
21/10/2022,32.65,33.42,32.38,33.1,32.03,5450600
24/10/2022,33.28,33.82,32.97,33.72,32.63,5841100
25/10/2022,33.55,34.79,33.37,34.62,33.5,7783900
26/10/2022,34.6,35.33,34.31,34.37,33.26,9204500
27/10/2022,35.32,36.09,34.95,35.29,34.15,10819500
28/10/2022,35.58,36.33,34.97,36.23,35.06,7855100
31/10/2022,36.2,36.56,35.71,36.35,35.17,6316700
01/11/2022,36.84,37.09,36.55,36.94,35.74,5401700
02/11/2022,36.7,37.59,36.49,36.5,35.32,7322300
03/11/2022,35.96,37.25,35.48,36.96,35.76,5130500
04/11/2022,37.71,38.0,36.81,37.08,35.88,4658300
07/11/2022,37.31,37.7,36.79,37.4,36.19,5061200
08/11/2022,37.41,37.63,37.03,37.44,36.23,4413300
09/11/2022,37.09,37.76,36.92,37.2,36.0,3366200
10/11/2022,38.4,39.2,37.83,38.82,37.56,5576700
11/11/2022,39.08,39.26,38.31,38.36,37.12,8221900
14/11/2022,38.08,38.31,37.74,37.75,36.53,8240200
15/11/2022,38.28,38.97,38.07,38.64,37.39,7344400
16/11/2022,38.36,38.4,37.78,37.99,36.76,4646400
17/11/2022,37.4,37.71,37.3,37.63,36.41,3734000
18/11/2022,38.27,38.66,37.71,38.11,36.88,3166700
21/11/2022,38.06,38.43,37.67,37.75,36.53,3017500
22/11/2022,37.82,38.24,37.39,38.17,36.93,3034900
23/11/2022,38.27,38.94,38.14,38.63,37.38,4029000
25/11/2022,38.6,39.58,38.57,39.22,37.95,2326000
28/11/2022,38.96,39.14,38.47,38.57,37.32,4533400
29/11/2022,38.63,39.38,38.63,39.25,37.98,4628800
30/11/2022,39.28,39.94,38.82,39.91,38.62,4794100
01/12/2022,40.0,40.2,39.71,40.08,38.78,5185200
02/12/2022,39.64,39.91,39.41,39.75,38.46,5312600
05/12/2022,39.52,40.38,39.15,39.5,38.22,5466000
06/12/2022,39.7,39.85,39.34,39.68,38.4,4239700
07/12/2022,39.36,39.36,37.39,37.81,36.59,8706800
08/12/2022,38.16,38.63,37.32,37.49,36.28,6637300
09/12/2022,37.26,38.09,37.15,38.01,36.78,5678000
12/12/2022,37.92,38.99,37.77,38.94,37.68,4820200
13/12/2022,39.8,39.9,37.19,37.77,36.55,6578700
14/12/2022,38.1,38.46,37.67,38.14,36.91,5602100
15/12/2022,37.78,37.99,36.99,37.29,36.08,5810700
16/12/2022,37.02,37.6,36.75,37.28,36.07,8886200
19/12/2022,37.38,37.59,36.34,36.35,35.17,4014800
20/12/2022,36.23,36.75,36.13,36.39,35.21,3337700
21/12/2022,36.66,37.05,36.55,36.6,35.42,3683300
22/12/2022,36.57,36.64,35.09,35.46,34.31,5571100
23/12/2022,35.36,36.1,35.18,36.09,34.92,3337700
27/12/2022,34.61,34.88,33.65,33.94,32.84,15174100
28/12/2022,33.46,33.59,32.19,32.19,31.15,17673500
29/12/2022,32.35,33.57,32.21,33.38,32.3,11811600
30/12/2022,33.15,33.87,33.11,33.67,32.58,8942300
03/01/2023,33.82,34.07,32.1,32.6,31.54,11467600
04/01/2023,32.75,34.03,32.7,33.62,32.53,8497300
05/01/2023,33.25,33.84,33.25,33.53,32.44,5208000
06/01/2023,33.0,35.13,32.83,35.08,33.94,10662800
09/01/2023,35.11,35.93,34.92,35.61,34.63,7866300
10/01/2023,35.49,36.24,35.21,36.21,35.22,5432900
11/01/2023,35.61,36.42,35.45,35.97,34.98,8963700
12/01/2023,36.5,37.02,36.11,36.97,35.96,8037300
13/01/2023,36.03,37.02,35.9,36.99,35.98,5585800
17/01/2023,36.99,37.1,36.44,37.04,36.03,6791000
18/01/2023,37.63,37.71,35.8,36.3,35.31,9224300
19/01/2023,36.0,36.68,35.73,36.45,35.45,5490200
20/01/2023,36.82,37.11,36.45,37.06,36.05,5762900
23/01/2023,37.14,37.2,36.53,36.69,35.69,6098600
24/01/2023,36.49,36.98,36.42,36.68,35.68,3900300
25/01/2023,36.42,36.9,36.26,36.87,35.86,6402600
26/01/2023,36.0,36.35,34.82,35.7,34.72,16712000
27/01/2023,35.48,36.4,35.45,36.24,35.25,8196500
30/01/2023,36.0,36.89,35.44,35.47,34.5,6983000
31/01/2023,35.59,36.07,35.49,35.77,34.79,5602200
01/02/2023,35.5,36.13,35.15,35.63,34.65,9279100
02/02/2023,35.7,37.31,35.53,36.82,35.81,9675900
03/02/2023,36.39,36.78,36.29,36.35,35.35,4831100
06/02/2023,36.0,36.35,35.84,36.02,35.03,4388700
07/02/2023,35.9,36.4,35.57,36.19,35.2,5404900
08/02/2023,35.93,36.09,35.29,35.3,34.33,5489000
09/02/2023,35.49,35.84,34.83,34.85,33.9,5911400
10/02/2023,34.5,34.74,34.13,34.57,33.62,4808700
13/02/2023,34.57,35.2,34.48,35.07,34.11,3686000
14/02/2023,35.08,35.66,34.77,35.51,34.54,5334900
15/02/2023,35.15,35.85,35.05,35.72,34.74,5124600
16/02/2023,35.4,35.49,34.88,35.41,34.44,5566900
17/02/2023,35.33,35.48,34.99,35.36,34.39,4250800
21/02/2023,34.83,34.97,33.6,33.76,32.84,6613300
22/02/2023,33.68,34.0,33.35,33.6,32.68,5611200
23/02/2023,33.78,33.92,33.38,33.64,32.72,6215100
24/02/2023,33.15,33.61,33.03,33.57,32.65,5343000
27/02/2023,34.0,34.12,33.49,33.54,32.62,4815300
28/02/2023,33.58,33.97,33.34,33.58,32.66,5244400
01/03/2023,33.55,33.84,33.44,33.65,32.73,3639500
02/03/2023,33.4,33.93,33.33,33.92,32.99,3936700
03/03/2023,34.2,34.46,33.9,34.18,33.24,3871900
06/03/2023,34.28,34.48,33.6,33.76,32.84,5682200
07/03/2023,33.65,34.1,33.3,33.37,32.63,7739300
08/03/2023,33.45,33.92,33.39,33.9,33.15,5850400
09/03/2023,33.89,34.38,32.81,33.08,32.35,8594100
10/03/2023,32.85,33.03,32.02,32.77,32.04,13423400
13/03/2023,32.15,32.32,30.98,31.06,30.37,12036000
14/03/2023,31.59,31.9,30.12,30.53,29.85,15141200
15/03/2023,29.93,30.3,29.41,29.73,29.07,12768800
16/03/2023,29.57,30.59,29.43,30.48,29.8,9480400
17/03/2023,30.22,30.4,29.73,30.03,29.36,7742700
20/03/2023,30.0,30.38,29.85,30.08,29.41,5734100
21/03/2023,30.54,31.17,30.37,31.04,30.35,6676800
22/03/2023,31.14,31.34,30.07,30.08,29.41,5687100
23/03/2023,30.34,30.5,29.3,29.62,28.96,4993300
24/03/2023,29.29,29.69,28.95,29.63,28.97,6308100
27/03/2023,30.11,30.37,29.81,30.15,29.48,5115900
28/03/2023,30.15,30.71,30.14,30.63,29.95,4056300
29/03/2023,31.0,31.45,30.87,31.44,30.74,4730900
30/03/2023,31.8,32.17,31.74,31.82,31.11,5097100
31/03/2023,32.17,32.57,32.07,32.54,31.82,5193400
03/04/2023,32.07,32.33,31.64,31.69,30.99,6081300
04/04/2023,31.96,32.03,31.3,31.72,31.02,4715500
05/04/2023,31.4,31.61,31.1,31.58,30.88,4196400
06/04/2023,31.77,31.84,31.36,31.59,30.89,2979700
10/04/2023,31.46,32.19,31.39,32.17,31.46,4487400
11/04/2023,32.25,32.94,32.06,32.71,31.98,6179500
12/04/2023,32.5,32.59,31.31,32.24,31.53,12377200
13/04/2023,32.66,32.68,31.7,32.21,31.5,8621400
14/04/2023,32.29,32.4,31.48,31.67,30.97,6606200
17/04/2023,31.82,32.37,31.68,32.31,31.59,4447600
18/04/2023,32.6,32.66,31.05,32.06,31.35,21631400
19/04/2023,31.86,32.64,31.78,32.45,31.73,6395200
20/04/2023,32.27,32.67,32.07,32.21,31.5,5003100
21/04/2023,32.32,32.46,31.91,32.15,31.44,4329500
24/04/2023,32.26,32.47,31.71,32.16,31.45,4586500
25/04/2023,31.83,32.0,31.11,31.29,30.6,4956000
26/04/2023,31.17,31.74,30.87,30.9,30.21,6638100
27/04/2023,29.5,30.04,28.81,29.88,29.22,23081000
28/04/2023,29.88,30.51,29.61,30.29,29.62,10928500
01/05/2023,30.29,30.68,30.09,30.59,29.91,7183300
02/05/2023,30.55,30.59,29.61,29.96,29.3,6812100
03/05/2023,30.08,31.16,29.95,30.79,30.11,8755300
04/05/2023,30.63,30.74,29.27,29.29,28.64,8760200
05/05/2023,29.62,29.89,29.61,29.66,29.0,5802100
08/05/2023,29.5,29.88,29.45,29.59,28.93,6960100
09/05/2023,29.48,29.74,29.21,29.63,28.97,4653900
10/05/2023,30.0,30.0,28.77,29.24,28.59,7088200
11/05/2023,29.05,29.12,28.78,28.97,28.33,5568900
12/05/2023,29.09,29.12,28.4,28.63,28.0,5090900
15/05/2023,28.58,29.11,28.49,29.05,28.41,5574500
16/05/2023,28.84,29.16,28.53,28.54,27.91,5016900
17/05/2023,28.84,30.01,28.71,29.88,29.22,8269400
18/05/2023,29.72,30.06,29.43,29.96,29.3,7223200
19/05/2023,30.0,30.06,29.42,29.48,28.83,4714400
22/05/2023,29.78,29.78,29.1,29.32,28.67,4655900
23/05/2023,29.41,30.17,29.34,29.48,28.83,5819400
24/05/2023,29.34,29.42,28.81,28.94,28.3,6072400
25/05/2023,28.92,29.42,28.88,29.24,28.59,5832700
26/05/2023,29.25,29.86,29.25,29.65,28.99,4414400
30/05/2023,29.84,30.24,29.64,29.8,29.14,5567600
31/05/2023,30.1,30.14,29.65,29.87,29.21,7024100
01/06/2023,30.09,30.09,29.08,29.11,28.46,8699100
02/06/2023,29.41,30.65,29.33,30.07,29.4,9543000
05/06/2023,30.26,30.26,29.9,30.0,29.33,4999500
06/06/2023,29.77,30.46,29.69,30.39,29.72,4460900
07/06/2023,30.62,30.82,30.41,30.79,30.11,5088700
08/06/2023,30.77,30.91,30.41,30.59,29.91,4483800
09/06/2023,30.7,30.93,30.53,30.62,29.94,5313700
12/06/2023,30.99,31.87,30.97,31.46,30.76,8837200
13/06/2023,31.61,32.53,31.58,32.45,31.73,8559500
14/06/2023,32.71,33.64,32.68,33.57,32.83,14745200
15/06/2023,33.53,34.06,33.46,33.97,33.22,11142500
16/06/2023,34.19,34.41,33.81,34.25,33.49,8741200
20/06/2023,33.91,34.64,33.86,34.47,33.88,8930900
21/06/2023,34.46,34.49,33.92,34.35,33.77,7216500
22/06/2023,34.39,34.4,33.88,34.28,33.7,4663200
23/06/2023,33.62,34.07,33.52,33.93,33.35,6016400
26/06/2023,34.03,34.47,33.85,34.0,33.42,5842200
27/06/2023,34.05,35.45,33.99,35.25,34.65,7819400
28/06/2023,35.31,35.55,34.95,35.47,34.87,7692200
29/06/2023,35.47,35.97,35.27,35.95,35.34,8144800
30/06/2023,36.0,36.24,35.9,36.21,35.59,7165800
03/07/2023,36.03,37.13,36.03,37.04,36.41,4233200
05/07/2023,36.95,37.37,36.45,37.22,36.59,8215400
06/07/2023,36.85,37.11,36.53,37.1,36.47,7281900
07/07/2023,37.16,38.0,37.15,37.59,36.95,5733700
10/07/2023,37.65,38.44,37.63,38.41,37.76,7516700
11/07/2023,38.46,39.29,38.43,39.18,38.51,8127800
12/07/2023,39.39,39.53,38.48,38.55,37.89,9541100
13/07/2023,39.22,39.24,37.03,37.04,36.41,14500600
14/07/2023,37.0,37.16,36.17,36.36,35.74,9119600
17/07/2023,36.29,36.56,36.13,36.27,35.65,4790900
18/07/2023,36.03,36.75,35.88,36.74,36.12,5263100
19/07/2023,36.73,37.42,36.72,37.35,36.71,6488700
20/07/2023,37.15,37.34,36.52,37.08,36.45,6318800
21/07/2023,37.34,37.48,36.82,37.25,36.62,4648200
24/07/2023,36.99,37.4,36.9,37.2,36.57,6093400
25/07/2023,35.9,36.09,34.82,35.53,34.93,13980300
26/07/2023,35.7,36.37,35.38,36.26,35.64,10660900
27/07/2023,33.82,33.82,32.66,33.02,32.46,33284400
28/07/2023,32.77,33.71,32.7,33.7,33.13,12511200
31/07/2023,33.44,34.49,33.44,34.16,33.58,10006400
01/08/2023,33.86,33.89,33.05,33.43,32.86,8903200
02/08/2023,33.05,33.61,33.05,33.37,32.8,7348000
03/08/2023,32.56,33.02,32.15,32.26,31.71,10735000
04/08/2023,32.53,32.93,32.34,32.73,32.17,8304000
07/08/2023,32.67,32.99,32.16,32.97,32.41,8037200
08/08/2023,32.61,33.94,32.55,33.74,33.17,8051300
09/08/2023,33.6,33.79,33.28,33.63,33.06,8101500
10/08/2023,33.91,34.13,33.35,33.84,33.26,8003700
11/08/2023,33.81,33.93,33.42,33.7,33.13,5061400
14/08/2023,33.53,33.69,33.35,33.53,32.96,4164300
15/08/2023,33.26,33.32,32.86,33.12,32.56,4498900
16/08/2023,32.99,33.77,32.91,32.92,32.36,5381300
17/08/2023,32.86,32.99,32.18,32.23,31.68,5945700
18/08/2023,31.98,32.37,31.9,32.15,31.6,5452500
21/08/2023,32.2,32.52,31.77,31.92,31.38,7323500
22/08/2023,32.0,32.08,31.34,31.5,30.96,6980800
23/08/2023,31.49,31.7,31.38,31.57,31.03,4300900
24/08/2023,31.3,31.75,31.22,31.22,30.69,4420600
25/08/2023,31.25,31.4,30.87,31.22,30.69,3982900
28/08/2023,31.39,31.75,30.88,31.09,30.56,5515500
29/08/2023,31.1,31.97,31.1,31.81,31.27,4814200
30/08/2023,31.72,31.83,31.44,31.63,31.09,3231700
31/08/2023,31.76,31.85,31.37,31.6,31.06,5202800
01/09/2023,31.77,31.85,31.26,31.42,30.89,4207600
05/09/2023,31.07,31.26,30.58,30.77,30.42,5519500
06/09/2023,29.9,30.86,29.75,29.97,29.63,8878300
07/09/2023,29.93,30.12,29.36,29.43,29.1,7910900
08/09/2023,29.5,29.58,29.07,29.53,29.2,8608200
11/09/2023,29.72,29.79,29.14,29.41,29.08,4906400
12/09/2023,29.5,29.62,29.16,29.28,28.95,4291900
13/09/2023,28.57,28.95,28.37,28.79,28.46,8279200
14/09/2023,29.06,29.11,28.58,28.94,28.61,8286200
15/09/2023,28.87,29.74,28.81,29.69,29.35,8515200
18/09/2023,29.5,29.62,29.06,29.08,28.75,5292000
19/09/2023,29.08,29.2,28.67,28.91,28.58,6510300
20/09/2023,29.16,29.23,28.51,28.52,28.2,4993100
21/09/2023,28.4,28.8,28.28,28.28,27.96,4946300
22/09/2023,28.31,28.4,28.03,28.05,27.73,5311700
25/09/2023,27.75,27.86,27.36,27.5,27.19,6223400
26/09/2023,27.27,27.61,26.55,26.56,26.26,10208600
27/09/2023,26.58,26.98,26.46,26.81,26.51,11127800
28/09/2023,26.74,27.43,26.63,27.22,26.91,6501500
29/09/2023,27.31,27.52,26.9,27.07,26.76,5936600
02/10/2023,27.11,27.36,26.96,27.19,26.88,6411100
03/10/2023,27.15,27.4,26.68,26.81,26.51,6603100
04/10/2023,26.88,27.66,26.86,27.2,26.89,11733700
05/10/2023,27.37,27.54,27.07,27.32,27.01,6775600
06/10/2023,27.12,27.48,26.78,27.08,26.77,6790800
09/10/2023,26.57,26.61,25.94,26.5,26.2,7451500
10/10/2023,26.89,27.23,26.58,26.65,26.35,7005600
11/10/2023,26.5,27.12,26.13,26.2,25.9,7150100
12/10/2023,26.21,26.25,25.28,25.45,25.16,8747800
13/10/2023,25.25,25.48,25.07,25.37,25.08,8373500
16/10/2023,25.45,25.72,25.27,25.61,25.32,5992100
17/10/2023,25.48,25.97,25.46,25.79,25.5,4496000
18/10/2023,25.51,25.52,24.66,24.7,24.42,7448300
19/10/2023,24.66,24.97,24.35,24.37,24.09,7268500
20/10/2023,24.25,24.53,24.12,24.2,23.93,7519700
23/10/2023,24.09,25.0,23.96,24.29,24.01,6910400
24/10/2023,24.36,24.47,23.83,23.9,23.63,6445100
25/10/2023,23.95,24.04,23.58,23.6,23.33,10493300
26/10/2023,23.5,24.09,22.82,23.39,23.12,12871600
27/10/2023,22.9,23.33,22.22,22.34,22.09,11576700
30/10/2023,22.42,22.56,22.01,22.51,22.25,13309200
31/10/2023,22.34,22.49,21.92,22.23,21.98,12171000
01/11/2023,22.08,22.47,21.91,22.23,21.98,8540300
02/11/2023,22.57,23.18,22.44,23.16,22.9,6854700
03/11/2023,23.58,23.94,23.39,23.7,23.43,10920500
06/11/2023,23.89,23.99,23.25,23.53,23.26,6043000
07/11/2023,23.6,23.69,23.25,23.56,23.29,4873700
08/11/2023,23.68,24.33,23.64,23.99,23.72,7208400
09/11/2023,24.16,24.25,23.31,23.35,23.09,6642300
10/11/2023,23.15,23.31,22.68,23.16,22.9,6778100
13/11/2023,22.7,23.25,22.58,23.09,22.83,5050400
14/11/2023,23.62,24.37,23.46,24.3,24.02,8732200
15/11/2023,24.43,25.05,24.39,24.94,24.66,9043600
16/11/2023,24.89,25.08,24.18,24.29,24.01,6907700
17/11/2023,24.49,24.85,24.24,24.81,24.53,6824400
20/11/2023,24.76,25.22,24.52,25.13,24.84,6246000
21/11/2023,24.95,25.08,24.51,24.63,24.35,5898600
22/11/2023,25.1,25.35,24.5,24.71,24.43,7513900
24/11/2023,24.82,24.94,24.66,24.87,24.59,2240300
27/11/2023,24.76,24.84,24.32,24.44,24.16,7367300
28/11/2023,24.42,24.86,24.22,24.82,24.54,4760400
29/11/2023,25.05,25.67,25.0,25.33,25.04,9195800
30/11/2023,25.47,25.62,25.07,25.57,25.28,6874300
01/12/2023,25.61,26.69,25.54,26.69,26.39,7855400
04/12/2023,26.66,27.32,26.42,27.3,26.99,12285200
05/12/2023,27.15,27.3,26.83,27.17,26.86,8641100
06/12/2023,27.65,28.43,27.47,27.99,27.67,11001200
07/12/2023,28.66,29.59,28.63,29.16,28.83,15404500
08/12/2023,28.95,29.2,28.65,29.07,28.74,8750800
11/12/2023,29.02,29.36,28.77,29.34,29.01,8349700
12/12/2023,29.45,30.49,29.31,30.31,29.97,12983000
13/12/2023,29.58,29.62,28.13,29.15,28.82,22269800
14/12/2023,29.35,30.24,29.23,29.76,29.42,11860200
15/12/2023,29.7,29.81,28.89,29.01,28.68,14729900
18/12/2023,28.88,29.05,28.38,28.97,28.64,7778200
19/12/2023,29.12,29.72,29.08,29.52,29.19,7858500
20/12/2023,29.17,29.77,29.01,29.07,28.92,7398600
21/12/2023,29.54,30.01,29.32,29.6,29.44,7282900
22/12/2023,29.65,29.86,29.36,29.5,29.34,6407200
26/12/2023,29.43,29.57,29.12,29.15,29.0,5185200
27/12/2023,29.18,29.29,28.88,29.21,29.06,4668500
28/12/2023,29.1,29.42,29.04,29.38,29.22,4285300
29/12/2023,29.26,29.26,28.84,28.88,28.73,5694800
02/01/2024,28.6,29.04,28.21,28.48,28.33,6689600
03/01/2024,27.86,28.01,27.25,27.31,27.17,8192900
04/01/2024,27.37,28.02,27.26,27.93,27.78,6785500
05/01/2024,27.85,29.18,27.81,29.15,29.0,10571500
08/01/2024,29.0,29.48,28.85,29.12,28.97,10686400
09/01/2024,29.05,29.58,28.88,29.32,29.17,5474900
10/01/2024,29.3,29.92,29.19,29.71,29.55,7210400
11/01/2024,29.57,29.88,29.07,29.84,29.68,6221300
12/01/2024,29.57,29.57,28.22,28.57,28.42,9881600
16/01/2024,28.4,28.82,27.57,28.72,28.57,9115900
17/01/2024,28.49,28.92,28.0,28.11,27.96,7425900
18/01/2024,28.25,30.07,28.17,30.03,29.87,14095200
19/01/2024,30.14,30.14,29.22,29.99,29.83,8812600
22/01/2024,30.11,30.5,29.98,30.16,30.0,8595400
23/01/2024,31.02,31.49,30.81,31.11,30.95,10575500
24/01/2024,31.32,31.39,30.9,31.11,30.95,9713000
25/01/2024,32.5,32.8,29.95,30.39,30.23,19606100
26/01/2024,30.53,31.15,29.69,30.09,29.93,9929000
29/01/2024,30.17,30.3,29.41,30.21,30.05,8250800
30/01/2024,29.81,30.48,29.81,30.19,30.03,5357800
31/01/2024,30.1,30.37,29.44,29.89,29.73,5956700
01/02/2024,30.09,30.38,29.41,30.18,30.02,5977300
02/02/2024,30.04,30.49,29.8,30.37,30.21,4981000
05/02/2024,29.93,30.05,29.52,29.75,29.59,4994000
06/02/2024,29.78,31.05,29.63,31.03,30.87,7176800
07/02/2024,30.96,31.36,30.66,30.74,30.58,5441000
08/02/2024,30.84,32.35,30.65,32.33,32.16,10891100
09/02/2024,32.28,32.64,31.8,32.49,32.32,8162100
12/02/2024,32.37,33.24,32.17,32.79,32.62,8819000
13/02/2024,32.39,32.74,31.92,32.53,32.36,6266900
14/02/2024,32.84,33.94,32.63,33.75,33.57,9684200
15/02/2024,33.98,34.72,33.86,34.21,34.03,7801600
16/02/2024,33.94,34.65,33.67,33.93,33.75,7228400
20/02/2024,34.31,35.06,33.81,33.86,33.68,8855400
21/02/2024,33.71,34.56,33.61,34.54,34.36,7134800
22/02/2024,34.77,35.18,34.21,34.24,34.06,8326400
23/02/2024,34.35,34.41,33.68,33.78,33.6,5477600
26/02/2024,33.87,34.57,33.79,34.15,33.97,7350800
27/02/2024,34.4,34.59,34.2,34.52,34.34,4822100
28/02/2024,34.2,34.56,34.16,34.47,34.29,3604700
29/02/2024,34.62,34.84,34.22,34.27,34.09,5300800
01/03/2024,34.24,34.36,33.64,33.96,33.78,6372700
04/03/2024,33.92,34.4,33.42,34.11,33.93,6115600
05/03/2024,33.69,34.48,33.61,34.41,34.41,4151700
06/03/2024,34.5,34.99,34.38,34.56,34.56,5647100
07/03/2024,34.61,34.9,34.51,34.83,34.83,4066700
08/03/2024,34.9,35.05,34.06,34.26,34.26,5873300
11/03/2024,34.33,34.33,33.48,33.78,33.78,5322100
12/03/2024,30.75,30.78,28.52,28.76,28.76,41071100
13/03/2024,28.73,28.98,28.14,28.28,28.28,19863300
14/03/2024,28.23,28.25,27.76,28.11,28.11,10585800
15/03/2024,28.02,28.37,27.96,28.35,28.35,11551200
18/03/2024,28.25,28.32,27.89,28.01,28.01,6885000
19/03/2024,28.02,28.23,27.91,28.17,28.17,6300400
20/03/2024,28.27,28.9,28.13,28.84,28.84,7483700
21/03/2024,28.76,28.93,28.29,28.68,28.68,9416200
22/03/2024,28.71,28.72,28.44,28.45,28.45,4527700
25/03/2024,28.42,28.73,28.25,28.51,28.51,5693600
26/03/2024,28.73,28.8,28.39,28.41,28.41,5471400
27/03/2024,28.58,29.3,28.51,29.27,29.27,9338600
28/03/2024,29.22,29.51,29.12,29.19,29.19,10002800
01/04/2024,29.31,29.41,29.1,29.18,29.18,7055700
02/04/2024,28.82,28.94,28.04,28.33,28.33,10511900
03/04/2024,28.23,28.28,27.97,28.03,28.03,7846800
04/04/2024,28.16,28.79,27.9,27.97,27.97,9651200
05/04/2024,27.84,28.43,27.8,28.34,28.34,6636600
